88494.00
40
1207704590
1207639540
0 1 1 1404 2674.00 9 (D 0,1,1) (S 116,50,59) (S 179,58,59) (S 123,59,60) (S 175,51,42) (S 176,51,60) (S 55,60,60) (S 45,50,50) (D 0,1,1)
0 1 2 1304 2127.00 7 (D 0,1,1) (S 142,24,16) (S 135,16,24) (S 143,24,23) (S 5,6,6) (S 3,4,4) (D 0,1,1)
0 1 3 1369 2355.00 6 (D 0,1,1) (S 111,47,56) (S 122,57,58) (S 180,59,58) (S 54,59,59) (D 0,1,1)
0 1 4 1391 2513.00 7 (D 0,1,1) (S 93,33,42) (S 139,22,31) (S 153,30,29) (S 158,32,33) (S 27,32,32) (D 0,1,1)
0 1 5 1447 2466.00 10 (D 0,1,1) (S 150,29,19) (S 144,25,20) (S 146,25,30) (S 152,29,39) (S 39,44,44) (S 24,28,28) (S 25,29,29) (S 19,21,21) (D 0,1,1)
0 1 6 1591 2693.00 8 (D 0,1,1) (S 156,31,32) (S 141,23,24) (S 159,33,24) (S 160,33,32) (S 157,32,31) (S 44,49,49) (D 0,1,1)
0 1 7 1297 2105.00 6 (D 0,1,1) (S 113,48,57) (S 177,55,56) (S 51,56,56) (S 42,47,47) (D 0,1,1)
0 1 8 1604 2551.00 7 (D 0,1,1) (S 99,38,44) (S 102,40,49) (S 174,50,41) (S 36,41,41) (S 37,42,42) (D 0,1,1)
0 1 9 1151 1909.00 9 (D 0,1,1) (S 106,45,46) (S 119,53,55) (S 50,55,55) (S 48,53,53) (S 170,43,46) (S 104,43,44) (S 7,9,9) (D 0,1,1)
0 1 10 1400 2141.00 9 (D 0,1,1) (S 118,52,54) (S 107,45,52) (S 163,36,34) (S 162,35,27) (S 23,27,27) (S 8,10,10) (S 9,11,11) (D 0,1,1)
0 1 11 1532 2577.00 10 (D 0,1,1) (S 101,40,41) (S 168,41,50) (S 169,42,51) (S 46,51,51) (S 28,33,33) (S 35,40,40) (S 26,31,31) (S 17,19,19) (D 0,1,1)
0 1 12 1468 2208.00 6 (D 0,1,1) (S 112,48,49) (S 172,48,39) (S 34,39,39) (S 33,38,38) (D 0,1,1)
0 1 13 1616 2395.00 7 (D 0,1,1) (S 87,27,28) (S 105,44,47) (S 167,39,48) (S 43,48,48) (S 18,20,20) (D 0,1,1)
0 1 14 1498 2304.00 6 (D 0,1,1) (S 121,56,57) (S 178,56,55) (S 171,46,43) (S 31,36,36) (D 0,1,1)
0 1 15 1459 2209.00 7 (D 0,1,1) (S 138,20,25) (S 166,39,29) (S 151,29,30) (S 155,31,22) (S 11,13,13) (D 0,1,1)
0 1 16 1470 2063.00 6 (D 0,1,1) (S 90,28,38) (S 164,38,37) (S 32,37,37) (S 41,46,46) (D 0,1,1)
0 1 17 1576 2545.00 9 (D 0,1,1) (S 64,6,15) (S 128,7,16) (S 134,15,23) (S 20,22,22) (S 140,23,15) (S 4,5,5) (S 12,14,14) (D 0,1,1)
0 1 18 1365 2176.00 6 (D 0,1,1) (S 81,20,29) (S 154,30,31) (S 145,25,21) (S 165,38,39) (D 0,1,1)
0 1 19 1581 2287.00 6 (D 0,1,1) (S 74,14,22) (S 83,22,23) (S 75,15,16) (S 14,16,16) (D 0,1,1)
0 1 20 1420 2133.00 5 (D 0,1,1) (S 84,23,32) (S 21,24,24) (S 13,15,15) (D 0,1,1)
0 1 21 1147 2005.00 4 (D 0,1,1) (S 114,49,50) (S 115,50,51) (D 0,1,1)
0 1 22 1532 2453.00 8 (D 0,1,1) (S 79,19,28) (S 147,26,27) (S 136,17,11) (S 126,3,12) (S 10,12,12) (S 15,17,17) (D 0,1,1)
0 1 23 1495 2161.00 6 (D 0,1,1) (S 89,28,37) (S 149,27,26) (S 161,34,36) (S 22,26,26) (D 0,1,1)
0 1 24 1456 1942.00 6 (D 0,1,1) (S 60,4,5) (S 127,5,14) (S 133,14,5) (S 2,3,3) (D 0,1,1)
0 1 25 1380 2365.00 8 (D 0,1,1) (S 82,21,22) (S 70,13,14) (S 66,9,11) (S 132,12,19) (S 38,43,43) (S 30,35,35) (D 0,1,1)
0 1 26 1274 1845.00 7 (D 0,1,1) (S 69,12,13) (S 131,12,3) (S 125,3,2) (S 16,18,18) (S 6,8,8) (D 0,1,1)
0 1 27 1191 2229.00 6 (D 0,1,1) (S 92,32,41) (S 77,18,26) (S 97,36,45) (S 47,52,52) (D 0,1,1)
0 1 28 1575 2473.00 6 (D 0,1,1) (S 71,13,19) (S 109,46,53) (S 117,52,53) (S 137,18,19) (D 0,1,1)
0 1 29 1568 2214.00 6 (D 0,1,1) (S 61,4,13) (S 72,13,20) (S 80,20,21) (S 124,2,3) (D 0,1,1)
0 1 30 1616 2596.00 8 (D 0,1,1) (S 88,28,29) (S 148,27,18) (S 68,11,18) (S 29,34,34) (S 98,37,43) (S 40,45,45) (D 0,1,1)
0 1 31 1140 1832.00 4 (D 0,1,1) (S 120,54,55) (S 108,46,47) (D 0,1,1)
0 1 32 1595 2771.00 9 (D 0,1,1) (S 57,1,8) (S 110,47,48) (S 100,39,40) (S 173,49,58) (S 53,58,58) (S 49,54,54) (S 52,57,57) (D 0,1,1)
0 1 33 1589 1961.00 6 (D 0,1,1) (S 56,1,2) (S 129,8,10) (S 130,10,17) (S 1,2,2) (D 0,1,1)
0 1 34 1503 2102.00 5 (D 0,1,1) (S 58,2,9) (S 62,5,6) (S 63,6,7) (D 0,1,1)
0 1 35 1565 2301.00 5 (D 0,1,1) (S 85,25,31) (S 91,31,40) (S 59,3,4) (D 0,1,1)
0 1 36 1192 1698.00 4 (D 0,1,1) (S 95,35,37) (S 96,36,37) (D 0,1,1)
0 1 37 1313 2188.00 4 (D 0,1,1) (S 103,41,42) (S 73,14,15) (D 0,1,1)
0 1 38 1251 1625.00 4 (D 0,1,1) (S 76,17,26) (S 86,26,34) (D 0,1,1)
0 1 39 1141 1588.00 4 (D 0,1,1) (S 67,10,11) (S 78,19,20) (D 0,1,1)
0 1 40 1219 1714.00 4 (D 0,1,1) (S 94,34,35) (S 65,8,9) (D 0,1,1)