837.00
7
14780304
14751844
0 1 1 2 50.00 4 (D 0,1,1) (S 9,2,4) (S 1,4,4) (D 0,1,1)
0 1 2 5 135.00 7 (D 0,1,1) (S 17,9,10) (S 18,10,11) (S 16,8,11) (S 5,11,11) (S 4,2,2) (D 0,1,1)
0 1 3 5 81.00 7 (D 0,1,1) (S 11,5,6) (S 14,7,8) (S 28,8,10) (S 3,10,10) (S 7,7,7) (D 0,1,1)
0 1 4 3 102.00 6 (D 0,1,1) (S 13,5,12) (S 27,12,6) (S 20,1,4) (D 0,1,1)
0 1 5 4 175.00 6 (D 0,1,1) (S 8,2,3) (S 12,5,11) (S 10,2,9) (S 29,9,11) (D 0,1,1)
0 1 6 5 79.00 7 (D 0,1,1) (S 21,1,7) (S 26,7,6) (S 25,5,3) (S 2,3,3) (S 6,12,12) (D 0,1,1)
0 1 7 5 215.00 10 (D 0,1,1) (S 15,7,12) (S 22,1,10) (S 19,1,2) (S 24,3,4) (S 23,1,12) (D 0,1,1)