29869.00
16
752787974
752725142
0 1 1 377 461.00 3 (D 0,1,1) (S 2,3,3) (D 0,1,1)
0 1 2 385 764.00 6 (D 0,1,1) (S 68,28,38) (S 19,21,21) (S 75,21,20) (S 17,19,19) (D 0,1,1)
0 1 3 1441 2186.00 10 (D 0,1,1) (S 78,51,50) (S 47,50,50) (S 48,51,51) (S 49,52,52) (S 57,61,61) (S 62,66,66) (S 65,69,69) (S 64,68,68) (D 0,1,1)
0 1 4 1123 1667.00 8 (D 0,1,1) (S 71,55,56) (S 81,63,55) (S 43,46,46) (S 42,45,45) (S 45,48,48) (S 46,49,49) (D 0,1,1)
0 1 5 1082 1823.00 9 (D 0,1,1) (S 73,11,5) (S 77,39,40) (S 22,24,24) (S 28,31,31) (S 38,41,41) (S 23,25,25) (S 7,8,8) (D 0,1,1)
0 1 6 1572 2315.00 8 (D 0,1,1) (S 69,47,48) (S 61,65,65) (S 63,67,67) (S 50,53,53) (S 40,43,43) (S 6,7,7) (D 0,1,1)
0 1 7 1780 2699.00 10 (D 0,1,1) (S 76,35,48) (S 44,47,47) (S 24,26,26) (S 8,9,9) (S 11,12,12) (S 34,37,37) (S 41,44,44) (S 26,28,28) (D 0,1,1)
0 1 8 1477 2243.00 8 (D 0,1,1) (S 70,49,64) (S 80,62,54) (S 82,65,66) (S 53,57,57) (S 33,36,36) (S 10,11,11) (D 0,1,1)
0 1 9 1759 2360.00 8 (D 0,1,1) (S 66,5,12) (S 12,14,14) (S 13,15,15) (S 39,42,42) (S 27,29,29) (S 18,20,20) (D 0,1,1)
0 1 10 1224 1506.00 6 (D 0,1,1) (S 72,4,11) (S 3,4,4) (S 5,6,6) (S 4,5,5) (D 0,1,1)
0 1 11 1374 1876.00 5 (D 0,1,1) (S 36,39,39) (S 21,23,23) (S 37,40,40) (D 0,1,1)
0 1 12 1181 1619.00 6 (D 0,1,1) (S 67,18,19) (S 1,2,2) (S 9,10,10) (S 20,22,22) (D 0,1,1)
0 1 13 1554 2024.00 6 (D 0,1,1) (S 30,33,33) (S 51,55,55) (S 59,63,63) (S 54,58,58) (D 0,1,1)
0 1 14 1490 2077.00 10 (D 0,1,1) (S 74,16,1) (S 79,59,50) (S 35,38,38) (S 32,35,35) (S 31,34,34) (S 25,27,27) (S 14,16,16) (D 0,1,1)
0 1 15 1601 1982.00 6 (D 0,1,1) (S 16,18,18) (S 60,64,64) (S 52,56,56) (S 58,62,62) (D 0,1,1)
0 1 16 1755 2267.00 6 (D 0,1,1) (S 15,17,17) (S 29,32,32) (S 56,60,60) (S 55,59,59) (D 0,1,1)