776.00
7
34660718
34626345
0 1 1 15 125.00 6 (D 0,1,1) (S 11,5,10) (S 21,1,5) (S 5,7,7) (D 0,1,1)
0 1 2 30 105.00 5 (D 0,1,1) (S 12,2,3) (S 17,3,6) (S 10,12,12) (D 0,1,1)
0 1 3 11 125.00 5 (D 0,1,1) (S 19,8,9) (S 13,11,13) (S 7,9,9) (D 0,1,1)
0 1 4 23 91.00 4 (D 0,1,1) (S 14,4,5) (S 16,4,10) (D 0,1,1)
0 1 5 35 135.00 5 (D 0,1,1) (S 20,2,6) (S 2,3,3) (S 9,11,11) (D 0,1,1)
0 1 6 26 80.00 5 (D 0,1,1) (S 15,2,8) (S 6,8,8) (S 4,6,6) (D 0,1,1)
0 1 7 35 115.00 5 (D 0,1,1) (S 18,6,12) (S 3,4,4) (D 0,1,1)