258.00
8
141135456
141061166
0 1 1 25 43.00 9 (D 0,1,1) (S 9,4,9) (S 31,4,11) (S 15,2,3) (S 16,1,10) (S 4,5,5) (D 0,1,1)
0 1 2 22 34.00 7 (D 0,1,1) (S 14,5,7) (S 24,2,9) (S 26,1,11) (S 6,7,7) (D 0,1,1)
0 1 3 14 24.00 6 (D 0,1,1) (S 12,7,9) (S 18,1,3) (S 17,3,10) (D 0,1,1)
0 1 4 19 34.00 6 (D 0,1,1) (S 11,6,8) (S 23,5,11) (S 25,3,4) (S 8,9,9) (D 0,1,1)
0 1 5 22 32.00 8 (D 0,1,1) (S 13,5,8) (S 27,2,5) (S 22,1,8) (S 5,6,6) (D 0,1,1)
0 1 6 17 28.00 8 (D 0,1,1) (S 10,4,7) (S 19,3,7) (S 28,1,7) (S 7,8,8) (D 0,1,1)
0 1 7 16 33.00 7 (D 0,1,1) (S 33,5,10) (S 21,4,5) (S 29,7,10) (D 0,1,1)
0 1 8 15 30.00 6 (D 0,1,1) (S 20,9,10) (S 30,2,11) (S 32,1,6) (D 0,1,1)