320.00
10
62953228
62923291
0 1 1 27 40.00 7 (D 0,1,1) (S 12,1,4) (S 22,2,4) (S 31,10,11) (S 6,7,7) (D 0,1,1)
0 1 2 20 36.00 6 (D 0,1,1) (S 10,3,5) (S 23,1,5) (S 25,2,8) (D 0,1,1)
0 1 3 12 31.00 5 (D 0,1,1) (S 8,8,9) (S 28,5,11) (S 24,6,9) (D 0,1,1)
0 1 4 21 33.00 6 (D 0,1,1) (S 11,4,7) (S 33,2,11) (S 34,1,2) (D 0,1,1)
0 1 5 15 29.00 6 (D 0,1,1) (S 13,1,7) (S 21,4,9) (S 15,3,10) (D 0,1,1)
0 1 6 8 22.00 6 (D 0,1,1) (S 9,9,11) (S 19,1,9) (S 14,7,10) (D 0,1,1)
0 1 7 18 31.00 5 (D 0,1,1) (S 27,1,11) (S 30,5,10) (S 26,3,9) (D 0,1,1)
0 1 8 26 36.00 5 (D 0,1,1) (S 32,1,6) (S 20,6,8) (S 5,6,6) (D 0,1,1)
0 1 9 26 36.00 7 (D 0,1,1) (S 18,2,6) (S 16,1,10) (S 7,8,8) (D 0,1,1)
0 1 10 11 26.00 5 (D 0,1,1) (S 29,9,10) (S 17,2,5) (D 0,1,1)