285.00
8
36957960
36568044
0 1 1 23 38.00 5 (D 0,1,1) (S 10,9,10) (S 29,3,9) (S 16,4,5) (D 0,1,1)
0 1 2 24 43.00 8 (D 0,1,1) (S 11,7,9) (S 20,4,6) (S 30,5,10) (S 19,1,4) (D 0,1,1)
0 1 3 19 35.00 8 (D 0,1,1) (S 14,7,11) (S 24,5,7) (S 15,2,11) (S 28,1,2) (D 0,1,1)
0 1 4 19 38.00 10 (D 0,1,1) (S 13,1,7) (S 31,9,11) (S 22,5,8) (S 36,4,9) (S 5,6,6) (D 0,1,1)
0 1 5 21 42.00 9 (D 0,1,1) (S 9,7,10) (S 25,6,9) (S 23,4,11) (S 21,3,11) (S 4,5,5) (D 0,1,1)
0 1 6 14 27.00 7 (D 0,1,1) (S 8,6,7) (S 26,3,5) (S 18,6,8) (S 33,2,8) (D 0,1,1)
0 1 7 20 34.00 7 (D 0,1,1) (S 12,1,3) (S 27,5,11) (S 35,2,3) (S 1,2,2) (D 0,1,1)
0 1 8 17 28.00 6 (D 0,1,1) (S 37,2,4) (S 34,2,5) (S 32,1,9) (D 0,1,1)