124840.00
82
75891134491
75891084963
0 1 1 75 129.00 3 (D 0,507,507) (S 228,228,228) (D 0,507,507)
0 1 2 90 3101.00 6 (D 0,507,507) (S 364,110,374) (S 110,110,110) (S 109,109,109) (S 241,241,241) (D 0,507,507)
0 1 3 48 3063.00 5 (D 0,507,507) (S 368,380,381) (S 242,242,242) (S 255,255,255) (D 0,507,507)
0 1 4 56 2653.00 6 (D 0,507,507) (S 367,378,379) (S 116,116,116) (S 256,256,256) (S 112,112,112) (D 0,507,507)
0 1 5 96 2342.00 6 (D 0,507,507) (S 272,272,272) (S 265,265,265) (S 107,107,107) (S 135,135,135) (D 0,507,507)
0 1 6 179 3242.00 9 (D 0,507,507) (S 374,390,391) (S 128,128,128) (S 268,268,268) (S 131,131,131) (S 254,254,254) (S 117,117,117) (S 257,257,257) (D 0,507,507)
0 1 7 110 2560.00 6 (D 0,507,507) (S 365,375,376) (S 108,108,108) (S 271,271,271) (S 134,134,134) (D 0,507,507)
0 1 8 82 2112.00 5 (D 0,507,507) (S 269,269,269) (S 275,275,275) (S 266,266,266) (D 0,507,507)
0 1 9 459 3258.00 9 (D 0,507,507) (S 377,394,395) (S 105,105,105) (S 111,111,111) (S 114,114,114) (S 366,245,377) (S 127,127,127) (S 270,270,270) (D 0,507,507)
0 1 10 73 2149.00 7 (D 0,507,507) (S 409,421,429) (S 403,421,422) (S 141,141,141) (S 142,142,142) (S 292,292,292) (D 0,507,507)
0 1 11 189 2302.00 7 (D 0,507,507) (S 375,132,392) (S 267,267,267) (S 132,132,132) (S 273,273,273) (S 258,258,258) (D 0,507,507)
0 1 12 100 1711.00 5 (D 0,507,507) (S 378,277,296) (S 277,277,277) (S 296,296,296) (D 0,507,507)
0 1 13 84 2029.00 8 (D 0,507,507) (S 398,415,417) (S 397,415,416) (S 157,157,157) (S 119,119,119) (S 150,150,150) (S 290,290,290) (D 0,507,507)
0 1 14 285 2988.00 8 (D 0,507,507) (S 408,180,428) (S 371,385,386) (S 121,121,121) (S 248,248,248) (S 243,243,243) (S 247,247,247) (D 0,507,507)
0 1 15 38 1676.00 5 (D 0,507,507) (S 402,400,420) (S 180,180,180) (S 161,161,161) (D 0,507,507)
0 1 16 45 1744.00 5 (D 0,507,507) (S 382,139,400) (S 139,139,139) (S 162,162,162) (D 0,507,507)
0 1 17 137 2061.00 6 (D 0,507,507) (S 370,383,384) (S 264,264,264) (S 250,250,250) (S 126,126,126) (D 0,507,507)
0 1 18 137 2033.00 9 (D 0,507,507) (S 411,138,387) (S 372,387,388) (S 373,388,389) (S 173,173,173) (S 163,163,163) (S 152,152,152) (S 297,297,297) (D 0,507,507)
0 1 19 216 1894.00 6 (D 0,507,507) (S 405,424,425) (S 388,287,406) (S 183,183,183) (S 287,287,287) (D 0,507,507)
0 1 20 230 2105.00 8 (D 0,507,507) (S 380,397,398) (S 394,165,402) (S 182,182,182) (S 169,169,169) (S 151,151,151) (S 291,291,291) (D 0,507,507)
0 1 21 57 1384.00 8 (D 0,507,507) (S 392,200,410) (S 188,188,188) (S 201,201,201) (S 185,185,185) (S 171,171,171) (S 283,283,283) (D 0,507,507)
0 1 22 33 1314.00 7 (D 0,507,507) (S 404,178,423) (S 172,172,172) (S 178,178,178) (S 191,191,191) (S 295,295,295) (D 0,507,507)
0 1 23 297 2274.00 9 (D 0,507,507) (S 416,418,436) (S 417,436,437) (S 410,287,430) (S 379,396,397) (S 190,190,190) (S 176,176,176) (S 167,167,167) (D 0,507,507)
0 1 24 142 2226.00 9 (D 0,507,507) (S 399,174,188) (S 395,281,412) (S 120,120,120) (S 122,122,122) (S 260,260,260) (S 262,262,262) (S 294,294,294) (D 0,507,507)
0 1 25 113 2308.00 6 (D 0,507,507) (S 414,432,433) (S 252,252,252) (S 249,249,249) (S 251,251,251) (D 0,507,507)
0 1 26 308 2680.00 7 (D 0,507,507) (S 197,197,197) (S 240,240,240) (S 104,104,104) (S 106,106,106) (S 261,261,261) (D 0,507,507)
0 1 27 157 2307.00 10 (D 0,507,507) (S 419,180,440) (S 125,125,125) (S 130,130,130) (S 136,136,136) (S 133,133,133) (S 124,124,124) (S 138,138,138) (S 145,145,145) (D 0,507,507)
0 1 28 119 1959.00 8 (D 0,507,507) (S 420,201,432) (S 412,174,186) (S 159,159,159) (S 160,160,160) (S 164,164,164) (S 280,280,280) (D 0,507,507)
0 1 29 37 1327.00 5 (D 0,507,507) (S 413,189,431) (S 147,147,147) (S 189,189,189) (D 0,507,507)
0 1 30 220 1997.00 5 (D 0,507,507) (S 406,398,426) (S 123,123,123) (S 302,302,302) (D 0,507,507)
0 1 31 208 2307.00 7 (D 0,507,507) (S 421,441,442) (S 200,200,200) (S 263,263,263) (S 118,118,118) (S 155,155,155) (D 0,507,507)
0 1 32 208 2118.00 7 (D 0,507,507) (S 393,171,411) (S 281,281,281) (S 289,289,289) (S 153,153,153) (S 288,288,288) (D 0,507,507)
0 1 33 256 1784.00 9 (D 0,507,507) (S 415,434,435) (S 418,438,439) (S 299,299,299) (S 298,298,298) (S 193,193,193) (S 168,168,168) (S 148,148,148) (D 0,507,507)
0 1 34 88 2399.00 6 (D 0,507,507) (S 369,259,382) (S 259,259,259) (S 113,113,113) (S 285,285,285) (D 0,507,507)
0 1 35 63 1756.00 8 (D 0,507,507) (S 384,143,401) (S 166,166,166) (S 177,177,177) (S 143,143,143) (S 174,174,174) (S 144,144,144) (D 0,507,507)
0 1 36 123 1739.00 6 (D 0,507,507) (S 391,405,409) (S 284,284,284) (S 137,137,137) (S 301,301,301) (D 0,507,507)
0 1 37 345 2118.00 7 (D 0,507,507) (S 400,175,176) (S 383,140,296) (S 422,175,443) (S 175,175,175) (S 237,237,237) (D 0,507,507)
0 1 38 71 1600.00 7 (D 0,507,507) (S 389,407,408) (S 179,179,179) (S 170,170,170) (S 186,186,186) (S 24,24,24) (D 0,507,507)
0 1 39 285 2075.00 6 (D 0,507,507) (S 381,398,399) (S 385,398,402) (S 165,165,165) (S 103,103,103) (D 0,507,507)
0 1 40 34 532.00 6 (D 0,507,507) (S 317,21,41) (S 325,41,326) (S 41,41,41) (S 28,28,28) (D 0,507,507)
0 1 41 116 662.00 7 (D 0,507,507) (S 332,332,333) (S 32,32,32) (S 338,342,343) (S 35,35,35) (S 69,69,69) (D 0,507,507)
0 1 42 472 2139.00 12 (D 0,507,507) (S 396,413,414) (S 407,179,427) (S 158,158,158) (S 149,149,149) (S 386,149,403) (S 192,192,192) (S 154,154,154) (S 184,184,184) (S 37,37,37) (S 211,211,211) (D 0,507,507)
0 1 43 139 1353.00 7 (D 0,507,507) (S 181,181,181) (S 146,146,146) (S 187,187,187) (S 196,196,196) (S 213,213,213) (D 0,507,507)
0 1 44 112 564.00 7 (D 0,507,507) (S 357,362,363) (S 11,11,11) (S 12,12,12) (S 305,11,305) (S 234,234,234) (D 0,507,507)
0 1 45 31 317.00 4 (D 0,507,507) (S 307,18,308) (S 18,18,18) (D 0,507,507)
0 1 46 14 328.00 4 (D 0,507,507) (S 342,347,348) (S 26,26,26) (D 0,507,507)
0 1 47 168 635.00 7 (D 0,507,507) (S 313,22,316) (S 15,15,15) (S 38,38,38) (S 230,230,230) (S 214,214,214) (D 0,507,507)
0 1 48 122 572.00 8 (D 0,507,507) (S 340,74,345) (S 351,75,234) (S 86,86,86) (S 88,88,88) (S 13,13,13) (S 82,82,82) (D 0,507,507)
0 1 49 216 576.00 5 (D 0,507,507) (S 341,75,346) (S 73,73,73) (S 74,74,74) (D 0,507,507)
0 1 50 148 515.00 9 (D 0,507,507) (S 312,314,315) (S 311,58,314) (S 60,60,60) (S 71,71,71) (S 85,85,85) (S 98,98,98) (S 27,27,27) (D 0,507,507)
0 1 51 99 443.00 6 (D 0,507,507) (S 318,9,317) (S 21,21,21) (S 39,39,39) (S 9,9,9) (D 0,507,507)
0 1 52 258 2875.00 8 (D 0,507,507) (S 358,364,365) (S 376,391,393) (S 129,129,129) (S 276,276,276) (S 245,245,245) (S 274,274,274) (D 0,507,507)
0 1 53 370 1090.00 8 (D 0,507,507) (S 333,56,334) (S 236,236,236) (S 80,80,80) (S 329,43,55) (S 10,10,10) (S 65,65,65) (D 0,507,507)
0 1 54 220 1011.00 9 (D 0,507,507) (S 359,366,367) (S 363,372,373) (S 55,55,55) (S 43,43,43) (S 356,231,361) (S 303,204,303) (S 96,96,96) (D 0,507,507)
0 1 55 25 209.00 7 (D 0,507,507) (S 344,351,352) (S 31,31,31) (S 46,46,46) (S 222,222,222) (S 67,67,67) (D 0,507,507)
0 1 56 290 636.00 7 (D 0,507,507) (S 102,102,102) (S 64,64,64) (S 223,223,223) (S 77,77,77) (S 75,75,75) (D 0,507,507)
0 1 57 224 534.00 7 (D 0,507,507) (S 53,53,53) (S 232,232,232) (S 99,99,99) (S 100,100,100) (S 94,94,94) (D 0,507,507)
0 1 58 141 1712.00 7 (D 0,507,507) (S 279,279,279) (S 286,286,286) (S 282,282,282) (S 42,42,42) (S 218,218,218) (D 0,507,507)
0 1 59 108 1340.00 7 (D 0,507,507) (S 387,404,405) (S 194,194,194) (S 195,195,195) (S 293,293,293) (S 2,2,2) (D 0,507,507)
0 1 60 95 2527.00 8 (D 0,507,507) (S 350,354,359) (S 244,244,244) (S 115,115,115) (S 253,253,253) (S 246,246,246) (S 239,239,239) (D 0,507,507)
0 1 61 60 326.00 7 (D 0,507,507) (S 346,353,354) (S 59,59,59) (S 84,84,84) (S 83,83,83) (S 48,48,48) (D 0,507,507)
0 1 62 230 1099.00 10 (D 0,507,507) (S 348,346,356) (S 308,309,310) (S 45,45,45) (S 339,45,344) (S 40,40,40) (S 29,29,29) (S 5,5,5) (S 66,66,66) (D 0,507,507)
0 1 63 531 2178.00 8 (D 0,507,507) (S 401,418,419) (S 278,278,278) (S 300,300,300) (S 202,202,202) (S 156,156,156) (S 206,206,206) (D 0,507,507)
0 1 64 84 574.00 8 (D 0,507,507) (S 331,317,331) (S 354,61,340) (S 50,50,50) (S 62,62,62) (S 79,79,79) (S 92,92,92) (D 0,507,507)
0 1 65 202 594.00 7 (D 0,507,507) (S 352,97,234) (S 97,97,97) (S 326,97,327) (S 57,57,57) (S 58,58,58) (D 0,507,507)
0 1 66 39 424.00 6 (D 0,507,507) (S 323,324,325) (S 328,311,329) (S 61,61,61) (S 90,90,90) (D 0,507,507)
0 1 67 307 1017.00 8 (D 0,507,507) (S 355,319,360) (S 306,306,307) (S 235,235,235) (S 1,1,1) (S 208,208,208) (S 91,91,91) (D 0,507,507)
0 1 68 432 1016.00 9 (D 0,507,507) (S 310,312,313) (S 319,320,321) (S 233,233,233) (S 93,93,93) (S 231,231,231) (S 204,204,204) (S 33,33,33) (D 0,507,507)
0 1 69 323 1009.00 7 (D 0,507,507) (S 216,216,216) (S 205,205,205) (S 68,68,68) (S 101,101,101) (S 4,4,4) (D 0,507,507)
0 1 70 49 492.00 8 (D 0,507,507) (S 321,36,322) (S 19,19,19) (S 219,219,219) (S 49,49,49) (S 16,16,16) (D 0,507,507)
0 1 71 193 1932.00 9 (D 0,507,507) (S 390,143,170) (S 140,140,140) (S 198,198,198) (S 199,199,199) (S 217,217,217) (S 209,209,209) (S 227,227,227) (D 0,507,507)
0 1 72 211 840.00 9 (D 0,507,507) (S 322,9,323) (S 353,50,340) (S 76,76,76) (S 347,76,355) (S 316,318,319) (S 56,56,56) (S 34,34,34) (D 0,507,507)
0 1 73 236 631.00 4 (D 0,507,507) (S 337,340,341) (S 44,44,44) (D 0,507,507)
0 1 74 89 442.00 9 (D 0,507,507) (S 360,48,368) (S 212,212,212) (S 20,20,20) (S 3,3,3) (S 81,81,81) (S 17,17,17) (D 0,507,507)
0 1 75 477 880.00 7 (D 0,507,507) (S 229,229,229) (S 215,215,215) (S 203,203,203) (S 22,22,22) (S 72,72,72) (D 0,507,507)
0 1 76 611 1626.00 10 (D 0,507,507) (S 343,349,350) (S 336,338,339) (S 304,231,304) (S 320,204,320) (S 345,33,233) (S 225,225,225) (S 52,52,52) (S 207,207,207) (D 0,507,507)
0 1 77 196 1024.00 13 (D 0,507,507) (S 330,322,330) (S 238,238,238) (S 95,95,95) (S 47,47,47) (S 224,224,224) (S 23,23,23) (S 210,210,210) (S 220,220,220) (S 14,14,14) (D 0,507,507)
0 1 78 282 685.00 7 (D 0,507,507) (S 324,8,25) (S 309,25,311) (S 89,89,89) (S 51,51,51) (S 54,54,54) (D 0,507,507)
0 1 79 501 1096.00 7 (D 0,507,507) (S 334,335,336) (S 315,28,317) (S 349,357,358) (S 6,6,6) (S 7,7,7) (D 0,507,507)
0 1 80 366 779.00 6 (D 0,507,507) (S 327,328,329) (S 314,7,36) (S 36,36,36) (S 8,8,8) (D 0,507,507)
0 1 81 850 1551.00 8 (D 0,507,507) (S 335,229,337) (S 78,78,78) (S 361,63,369) (S 63,63,63) (S 221,221,221) (S 226,226,226) (D 0,507,507)
0 1 82 806 1231.00 7 (D 0,507,507) (S 362,370,371) (S 25,25,25) (S 30,30,30) (S 87,87,87) (S 70,70,70) (D 0,507,507)