1086.00
8
46940903
46870124
0 1 1 34 161.00 8 (D 0,1,1) (S 20,19,22) (S 29,10,11) (S 41,15,21) (S 40,24,21) (S 8,9,9) (S 16,22,22) (D 0,1,1)
0 1 2 39 193.00 7 (D 0,1,1) (S 25,20,21) (S 38,19,9) (S 32,16,15) (S 44,11,10) (S 18,24,24) (D 0,1,1)
0 1 3 40 138.00 7 (D 0,1,1) (S 22,11,15) (S 33,14,13) (S 26,12,6) (S 5,6,6) (S 12,16,16) (D 0,1,1)
0 1 4 28 132.00 8 (D 0,1,1) (S 19,1,2) (S 28,9,3) (S 36,16,12) (S 13,18,18) (S 10,14,14) (S 6,7,7) (D 0,1,1)
0 1 5 29 109.00 7 (D 0,1,1) (S 21,9,10) (S 2,3,3) (S 39,11,5) (S 30,5,11) (S 11,15,15) (D 0,1,1)
0 1 6 33 109.00 8 (D 0,1,1) (S 24,3,4) (S 31,1,3) (S 35,17,13) (S 9,12,12) (S 1,2,2) (D 0,1,1)
0 1 7 31 144.00 5 (D 0,1,1) (S 23,17,18) (S 34,10,20) (S 37,19,20) (D 0,1,1)
0 1 8 22 100.00 8 (D 0,1,1) (S 43,3,1) (S 15,21,21) (S 27,21,15) (S 42,13,17) (S 3,4,4) (D 0,1,1)