1308.00
8
44889564
44818965
0 1 1 38 191.00 8 (D 0,1,1) (S 21,19,22) (S 29,24,21) (S 37,14,18) (S 40,9,19) (S 18,4,5) (S 1,2,2) (D 0,1,1)
0 1 2 38 156.00 6 (D 0,1,1) (S 15,20,21) (S 28,12,6) (S 34,12,11) (S 42,19,9) (D 0,1,1)
0 1 3 35 217.00 7 (D 0,1,1) (S 16,8,14) (S 23,23,22) (S 26,23,24) (S 31,14,13) (S 4,6,6) (D 0,1,1)
0 1 4 40 159.00 8 (D 0,1,1) (S 20,11,15) (S 33,16,12) (S 12,21,21) (S 36,9,3) (S 38,22,23) (S 6,10,10) (D 0,1,1)
0 1 5 25 139.00 8 (D 0,1,1) (S 13,1,2) (S 35,11,5) (S 41,20,23) (S 43,23,20) (S 8,12,12) (S 5,7,7) (D 0,1,1)
0 1 6 28 140.00 6 (D 0,1,1) (S 17,9,10) (S 24,24,23) (S 45,17,13) (S 44,15,16) (D 0,1,1)
0 1 7 32 119.00 7 (D 0,1,1) (S 19,3,4) (S 22,19,20) (S 39,15,21) (S 27,13,17) (S 7,11,11) (D 0,1,1)
0 1 8 26 187.00 8 (D 0,1,1) (S 14,17,18) (S 30,1,3) (S 32,10,11) (S 25,8,7) (S 10,18,18) (D 0,1,1)