404.00
7
41673699
41526197
0 1 1 15 46.00 7 (D 0,1,1) (S 23,5,10) (S 16,11,15) (S 38,16,12) (S 40,8,7) (S 8,9,9) (D 0,1,1)
0 1 2 18 60.00 8 (D 0,1,1) (S 21,21,24) (S 13,16,16) (S 29,13,14) (S 35,16,15) (S 15,9,19) (S 3,4,4) (D 0,1,1)
0 1 3 17 76.00 9 (D 0,1,1) (S 18,6,7) (S 31,17,18) (S 33,20,23) (S 19,22,23) (S 1,2,2) (S 9,11,11) (D 0,1,1)
0 1 4 17 55.00 6 (D 0,1,1) (S 20,10,11) (S 17,15,21) (S 26,22,19) (S 11,13,13) (D 0,1,1)
0 1 5 17 75.00 8 (D 0,1,1) (S 24,13,17) (S 27,2,4) (S 39,4,5) (S 37,23,20) (S 6,7,7) (D 0,1,1)
0 1 6 15 44.00 7 (D 0,1,1) (S 22,10,20) (S 36,23,24) (S 25,15,16) (S 32,19,20) (S 2,3,3) (D 0,1,1)
0 1 7 15 48.00 7 (D 0,1,1) (S 14,3,4) (S 5,6,6) (S 34,18,17) (S 30,21,20) (S 4,5,5) (D 0,1,1)