4613.00
48
1888206936
1888113427
0 1 1 36 95.00 8 (D 0,1,1) (S 119,41,42) (S 30,42,42) (S 123,42,44) (S 220,44,42) (S 126,44,49) (S 9,44,44) (D 0,1,1)
0 1 2 14 66.00 4 (D 0,1,1) (S 194,39,29) (S 97,29,39) (D 0,1,1)
0 1 3 25 75.00 6 (D 0,1,1) (S 197,37,31) (S 221,45,43) (S 25,43,43) (S 17,48,48) (D 0,1,1)
0 1 4 39 103.00 7 (D 0,1,1) (S 116,38,45) (S 211,43,37) (S 208,37,36) (S 206,36,35) (S 23,36,36) (D 0,1,1)
0 1 5 20 63.00 5 (D 0,1,1) (S 166,24,16) (S 21,16,16) (S 35,17,17) (D 0,1,1)
0 1 6 32 94.00 6 (D 0,1,1) (S 42,3,9) (S 140,10,4) (S 43,4,10) (S 8,10,10) (D 0,1,1)
0 1 7 16 78.00 4 (D 0,1,1) (S 165,17,16) (S 68,16,17) (D 0,1,1)
0 1 8 12 38.00 4 (D 0,1,1) (S 147,8,7) (S 50,7,8) (D 0,1,1)
0 1 9 33 97.00 7 (D 0,1,1) (S 85,24,32) (S 196,32,31) (S 99,31,32) (S 183,28,25) (S 86,25,28) (D 0,1,1)
0 1 10 66 164.00 13 (D 0,1,1) (S 214,41,40) (S 117,40,41) (S 218,49,41) (S 121,41,49) (S 223,49,44) (S 222,50,43) (S 219,43,42) (S 198,37,32) (S 101,32,37) (S 28,31,31) (S 26,23,23) (D 0,1,1)
0 1 11 35 82.00 7 (D 0,1,1) (S 75,19,26) (S 118,40,47) (S 226,47,46) (S 129,46,47) (S 19,30,30) (D 0,1,1)
0 1 12 24 68.00 5 (D 0,1,1) (S 104,33,39) (S 11,39,39) (S 6,27,27) (D 0,1,1)
0 1 13 26 76.00 6 (D 0,1,1) (S 151,10,9) (S 149,9,8) (S 2,8,8) (S 18,14,14) (D 0,1,1)
0 1 14 25 79.00 6 (D 0,1,1) (S 179,24,23) (S 111,36,37) (S 34,37,37) (S 31,32,32) (D 0,1,1)
0 1 15 46 121.00 9 (D 0,1,1) (S 105,33,40) (S 107,34,35) (S 109,35,36) (S 112,36,42) (S 209,42,36) (S 114,37,43) (S 210,38,37) (D 0,1,1)
0 1 16 41 86.00 7 (D 0,1,1) (S 53,8,14) (S 69,16,24) (S 84,24,25) (S 181,25,24) (S 15,24,24) (D 0,1,1)
0 1 17 47 122.00 9 (D 0,1,1) (S 228,49,48) (S 217,48,41) (S 216,42,41) (S 120,41,48) (S 1,46,46) (S 5,33,33) (S 32,35,35) (D 0,1,1)
0 1 18 19 49.00 5 (D 0,1,1) (S 159,14,13) (S 177,23,22) (S 27,22,22) (D 0,1,1)
0 1 19 37 105.00 8 (D 0,1,1) (S 58,11,12) (S 108,34,40) (S 205,40,34) (S 227,48,47) (S 130,47,48) (S 131,48,49) (D 0,1,1)
0 1 20 30 95.00 6 (D 0,1,1) (S 178,31,22) (S 80,22,23) (S 100,31,37) (S 113,37,38) (D 0,1,1)
0 1 21 50 123.00 8 (D 0,1,1) (S 182,32,24) (S 95,28,38) (S 199,38,32) (S 94,28,32) (S 191,32,28) (S 29,28,28) (D 0,1,1)
0 1 22 38 85.00 10 (D 0,1,1) (S 170,29,18) (S 88,26,30) (S 195,34,30) (S 98,30,34) (S 204,35,34) (S 185,30,26) (S 13,19,19) (S 4,11,11) (D 0,1,1)
0 1 23 25 66.00 5 (D 0,1,1) (S 180,31,23) (S 55,9,15) (S 150,14,8) (D 0,1,1)
0 1 24 53 94.00 8 (D 0,1,1) (S 74,19,20) (S 155,12,11) (S 156,19,11) (S 59,11,19) (S 72,18,26) (S 3,26,26) (D 0,1,1)
0 1 25 41 77.00 8 (D 0,1,1) (S 172,26,19) (S 87,26,29) (S 184,29,26) (S 169,26,18) (S 168,19,18) (S 22,18,18) (D 0,1,1)
0 1 26 51 133.00 8 (D 0,1,1) (S 91,27,31) (S 213,45,38) (S 115,38,43) (S 124,43,45) (S 225,50,45) (S 33,38,38) (D 0,1,1)
0 1 27 43 82.00 7 (D 0,1,1) (S 78,21,22) (S 161,15,14) (S 64,14,15) (S 152,15,9) (S 7,9,9) (D 0,1,1)
0 1 28 15 35.00 5 (D 0,1,1) (S 145,12,6) (S 157,13,12) (S 60,12,13) (D 0,1,1)
0 1 29 45 148.00 8 (D 0,1,1) (S 102,32,38) (S 125,43,50) (S 128,45,50) (S 224,50,44) (S 127,44,50) (S 81,22,31) (D 0,1,1)
0 1 30 24 96.00 4 (D 0,1,1) (S 132,49,50) (S 229,50,49) (D 0,1,1)
0 1 31 35 91.00 7 (D 0,1,1) (S 146,13,6) (S 63,13,21) (S 79,21,27) (S 173,21,20) (S 76,20,21) (D 0,1,1)
0 1 32 42 124.00 7 (D 0,1,1) (S 193,33,29) (S 96,29,33) (S 89,26,34) (S 189,35,27) (S 176,27,21) (D 0,1,1)
0 1 33 23 64.00 5 (D 0,1,1) (S 49,6,13) (S 148,13,7) (S 65,14,22) (D 0,1,1)
0 1 34 35 78.00 7 (D 0,1,1) (S 163,16,15) (S 67,15,23) (S 164,23,15) (S 66,15,16) (S 162,22,14) (D 0,1,1)
0 1 35 38 88.00 8 (D 0,1,1) (S 135,6,1) (S 38,1,6) (S 47,6,7) (S 40,2,7) (S 39,2,3) (D 0,1,1)
0 1 36 52 153.00 8 (D 0,1,1) (S 83,23,31) (S 167,25,17) (S 70,17,25) (S 82,23,24) (S 153,16,9) (S 56,9,16) (D 0,1,1)
0 1 37 37 100.00 8 (D 0,1,1) (S 134,5,1) (S 137,7,2) (S 52,8,9) (S 139,9,3) (S 12,3,3) (D 0,1,1)
0 1 38 28 98.00 5 (D 0,1,1) (S 138,4,3) (S 41,3,4) (S 136,3,2) (D 0,1,1)
0 1 39 62 130.00 11 (D 0,1,1) (S 186,34,26) (S 200,34,33) (S 201,39,33) (S 187,30,27) (S 90,27,30) (S 71,18,19) (S 24,20,20) (S 16,12,12) (S 14,6,6) (D 0,1,1)
0 1 40 34 104.00 5 (D 0,1,1) (S 93,27,36) (S 190,36,27) (S 73,18,29) (D 0,1,1)
0 1 41 40 82.00 6 (D 0,1,1) (S 143,18,5) (S 45,5,11) (S 142,11,5) (S 20,5,5) (D 0,1,1)
0 1 42 20 67.00 6 (D 0,1,1) (S 51,7,13) (S 62,13,14) (S 37,1,5) (D 0,1,1)
0 1 43 60 159.00 9 (D 0,1,1) (S 46,5,18) (S 106,33,46) (S 203,46,33) (S 103,33,34) (S 215,47,40) (S 202,40,33) (S 174,30,20) (D 0,1,1)
0 1 44 60 156.00 8 (D 0,1,1) (S 77,20,30) (S 92,27,35) (S 122,42,43) (S 212,43,38) (S 192,38,28) (S 188,31,27) (D 0,1,1)
0 1 45 37 92.00 7 (D 0,1,1) (S 144,7,6) (S 48,6,12) (S 175,22,21) (S 160,21,13) (S 158,20,12) (D 0,1,1)
0 1 46 50 128.00 9 (D 0,1,1) (S 133,2,1) (S 61,12,20) (S 171,20,19) (S 207,41,35) (S 110,35,41) (S 10,49,49) (D 0,1,1)
0 1 47 20 68.00 4 (D 0,1,1) (S 44,5,6) (S 141,6,5) (D 0,1,1)
0 1 48 44 136.00 6 (D 0,1,1) (S 36,1,2) (S 54,9,10) (S 154,17,10) (S 57,10,17) (D 0,1,1)