878.00
7
18310226
18221797
0 1 1 31 185.00 6 (D 0,1,1) (S 8,4,11) (S 20,2,8) (S 17,4,10) (D 0,1,1)
0 1 2 25 63.00 5 (D 0,1,1) (S 7,1,3) (S 11,2,3) (D 0,1,1)
0 1 3 30 145.00 5 (D 0,1,1) (S 9,8,12) (S 21,11,13) (S 1,2,2) (D 0,1,1)
0 1 4 32 145.00 5 (D 0,1,1) (S 15,7,9) (S 10,11,12) (S 6,12,12) (D 0,1,1)
0 1 5 25 69.00 7 (D 0,1,1) (S 12,1,2) (S 19,1,4) (S 2,3,3) (D 0,1,1)
0 1 6 24 154.00 5 (D 0,1,1) (S 14,10,11) (S 13,8,9) (S 5,9,9) (D 0,1,1)
0 1 7 33 117.00 5 (D 0,1,1) (S 16,6,12) (S 18,6,10) (S 3,4,4) (D 0,1,1)