1151.00
10
53678805
53587494
0 1 1 42 94.00 10 (D 0,1,1) (S 31,4,13) (S 50,12,13) (S 46,11,6) (S 27,1,31) (S 6,9,9) (S 2,3,3) (D 0,1,1)
0 1 2 50 117.00 8 (D 0,1,1) (S 25,23,25) (S 49,25,28) (S 39,7,6) (S 38,5,6) (S 8,13,13) (D 0,1,1)
0 1 3 37 133.00 9 (D 0,1,1) (S 28,19,21) (S 40,18,19) (S 44,9,4) (S 17,26,26) (S 53,6,11) (S 10,15,15) (D 0,1,1)
0 1 4 41 105.00 6 (D 0,1,1) (S 29,20,22) (S 37,18,12) (S 45,5,10) (S 20,29,29) (D 0,1,1)
0 1 5 48 136.00 9 (D 0,1,1) (S 26,3,9) (S 51,21,18) (S 35,28,26) (S 16,24,24) (S 21,30,30) (S 12,17,17) (D 0,1,1)
0 1 6 27 122.00 7 (D 0,1,1) (S 33,21,22) (S 47,12,11) (S 41,30,29) (S 13,18,18) (D 0,1,1)
0 1 7 42 129.00 7 (D 0,1,1) (S 32,8,9) (S 36,19,18) (S 15,23,23) (S 52,15,14) (S 9,14,14) (D 0,1,1)
0 1 8 45 115.00 8 (D 0,1,1) (S 30,8,12) (S 34,11,12) (S 48,10,5) (S 18,27,27) (S 5,7,7) (D 0,1,1)
0 1 9 36 104.00 7 (D 0,1,1) (S 23,1,7) (S 55,19,22) (S 54,5,31) (S 22,31,31) (S 7,10,10) (D 0,1,1)
0 1 10 28 96.00 8 (D 0,1,1) (S 24,10,11) (S 19,28,28) (S 43,3,2) (S 42,12,18) (S 3,4,4) (D 0,1,1)