1821.00
9
125467205
125334651
0 1 1 57 200.00 12 (D 0,1,1) (S 40,4,5) (S 13,17,17) (S 54,17,20) (S 42,20,21) (S 31,40,40) (S 75,39,40) (S 51,39,35) (S 20,26,26) (S 78,13,14) (S 10,13,13) (D 0,1,1)
0 1 2 72 247.00 10 (D 0,1,1) (S 41,36,40) (S 62,35,39) (S 71,22,28) (S 44,13,7) (S 70,2,8) (S 82,14,24) (S 23,30,30) (D 0,1,1)
0 1 3 41 164.00 11 (D 0,1,1) (S 36,3,9) (S 5,7,7) (S 66,15,10) (S 47,16,15) (S 55,35,34) (S 59,38,34) (S 28,37,37) (S 67,37,36) (S 16,20,20) (D 0,1,1)
0 1 4 61 231.00 11 (D 0,1,1) (S 33,21,22) (S 64,28,22) (S 61,28,27) (S 4,6,6) (S 79,34,35) (S 72,35,36) (S 60,32,36) (S 32,41,41) (S 6,8,8) (D 0,1,1)
0 1 5 68 156.00 12 (D 0,1,1) (S 39,9,10) (S 45,8,7) (S 48,1,7) (S 83,3,2) (S 11,15,15) (S 43,15,16) (S 57,12,6) (S 9,11,11) (S 14,18,18) (D 0,1,1)
0 1 6 55 201.00 11 (D 0,1,1) (S 35,14,15) (S 74,27,26) (S 50,26,19) (S 63,11,12) (S 58,41,40) (S 49,33,27) (S 8,10,10) (S 7,9,9) (S 15,19,19) (D 0,1,1)
0 1 7 62 221.00 11 (D 0,1,1) (S 37,11,16) (S 3,4,4) (S 65,4,3) (S 1,2,2) (S 81,19,26) (S 25,32,32) (S 69,23,14) (S 77,29,34) (S 29,38,38) (D 0,1,1)
0 1 8 70 213.00 11 (D 0,1,1) (S 34,5,6) (S 68,12,11) (S 52,16,19) (S 2,3,3) (S 19,25,25) (S 73,25,26) (S 26,34,34) (S 76,40,41) (S 27,36,36) (D 0,1,1)
0 1 9 64 188.00 10 (D 0,1,1) (S 38,8,9) (S 56,14,13) (S 17,23,23) (S 22,29,29) (S 80,36,32) (S 53,37,33) (S 46,10,15) (S 12,16,16) (D 0,1,1)