251016.00
116
189610892255
189610820215
0 1 1 808 1793.00 3 (D 0,365,365) (S 549,564,565) (D 0,365,365)
0 1 2 349 3059.00 6 (D 0,365,365) (S 669,185,194) (S 186,186,186) (S 187,187,187) (S 188,188,188) (D 0,365,365)
0 1 3 348 2909.00 7 (D 0,365,365) (S 667,190,700) (S 327,327,327) (S 184,184,184) (S 328,328,328) (S 185,185,185) (D 0,365,365)
0 1 4 369 2851.00 10 (D 0,365,365) (S 662,693,694) (S 663,694,695) (S 180,180,180) (S 255,255,255) (S 245,245,245) (S 248,248,248) (S 259,259,259) (S 335,335,335) (D 0,365,365)
0 1 5 463 2816.00 8 (D 0,365,365) (S 671,195,704) (S 197,197,197) (S 331,331,331) (S 672,199,705) (S 199,199,199) (S 330,330,330) (D 0,365,365)
0 1 6 367 3193.00 6 (D 0,365,365) (S 661,180,693) (S 260,260,260) (S 247,247,247) (S 322,322,322) (D 0,365,365)
0 1 7 381 3419.00 8 (D 0,365,365) (S 684,719,720) (S 254,254,254) (S 696,254,729) (S 699,731,733) (S 253,253,253) (S 243,243,243) (D 0,365,365)
0 1 8 942 3381.00 9 (D 0,365,365) (S 665,698,699) (S 657,687,688) (S 169,169,169) (S 225,225,225) (S 190,190,190) (S 191,191,191) (S 216,216,216) (D 0,365,365)
0 1 9 823 2957.00 9 (D 0,365,365) (S 642,668,669) (S 674,707,708) (S 692,726,727) (S 324,324,324) (S 644,670,671) (S 212,212,212) (S 167,167,167) (D 0,365,365)
0 1 10 480 1998.00 11 (D 0,365,365) (S 693,680,683) (S 681,680,716) (S 652,680,681) (S 653,681,682) (S 694,170,728) (S 170,170,170) (S 235,235,235) (S 234,234,234) (S 164,164,164) (D 0,365,365)
0 1 11 479 2163.00 5 (D 0,365,365) (S 646,673,674) (S 647,673,675) (S 325,325,325) (D 0,365,365)
0 1 12 329 1934.00 6 (D 0,365,365) (S 602,620,621) (S 615,147,636) (S 147,147,147) (S 146,146,146) (D 0,365,365)
0 1 13 605 2303.00 11 (D 0,365,365) (S 632,657,658) (S 633,658,659) (S 634,659,660) (S 162,162,162) (S 238,238,238) (S 231,231,231) (S 232,232,232) (S 239,239,239) (S 168,168,168) (D 0,365,365)
0 1 14 264 1980.00 9 (D 0,365,365) (S 506,298,521) (S 310,310,310) (S 299,299,299) (S 101,101,101) (S 122,122,122) (S 123,123,123) (S 143,143,143) (D 0,365,365)
0 1 15 374 1857.00 6 (D 0,365,365) (S 655,683,684) (S 654,170,326) (S 214,214,214) (S 321,321,321) (D 0,365,365)
0 1 16 669 2313.00 8 (D 0,365,365) (S 637,238,663) (S 645,658,672) (S 685,672,721) (S 690,241,725) (S 237,237,237) (S 241,241,241) (D 0,365,365)
0 1 17 763 2372.00 8 (D 0,365,365) (S 679,679,714) (S 680,679,715) (S 650,677,678) (S 688,201,723) (S 292,292,292) (S 130,130,130) (D 0,365,365)
0 1 18 229 1549.00 6 (D 0,365,365) (S 436,372,436) (S 365,370,371) (S 46,46,46) (S 15,15,15) (D 0,365,365)
0 1 19 326 1981.00 6 (D 0,365,365) (S 595,610,611) (S 215,215,215) (S 173,173,173) (S 139,139,139) (D 0,365,365)
0 1 20 413 1974.00 8 (D 0,365,365) (S 584,529,599) (S 314,314,314) (S 138,138,138) (S 148,148,148) (S 578,522,594) (S 105,105,105) (D 0,365,365)
0 1 21 564 2500.00 7 (D 0,365,365) (S 587,601,602) (S 620,643,644) (S 156,156,156) (S 683,676,718) (S 166,166,166) (D 0,365,365)
0 1 22 605 2013.00 7 (D 0,365,365) (S 629,652,653) (S 630,652,654) (S 625,480,648) (S 626,649,650) (S 317,317,317) (D 0,365,365)
0 1 23 576 2497.00 8 (D 0,365,365) (S 651,678,679) (S 648,157,676) (S 157,157,157) (S 158,158,158) (S 621,158,159) (S 159,159,159) (D 0,365,365)
0 1 24 929 4220.00 12 (D 0,365,365) (S 638,162,664) (S 641,662,667) (S 635,660,661) (S 670,702,703) (S 227,227,227) (S 246,246,246) (S 251,251,251) (S 334,334,334) (S 250,250,250) (S 128,128,128) (D 0,365,365)
0 1 25 385 1619.00 9 (D 0,365,365) (S 581,571,597) (S 582,597,598) (S 137,137,137) (S 296,296,296) (S 20,20,20) (S 19,19,19) (S 29,29,29) (D 0,365,365)
0 1 26 192 1484.00 7 (D 0,365,365) (S 498,102,511) (S 135,135,135) (S 103,103,103) (S 102,102,102) (S 99,99,99) (D 0,365,365)
0 1 27 904 2446.00 10 (D 0,365,365) (S 376,23,368) (S 10,10,10) (S 370,379,380) (S 8,8,8) (S 269,269,269) (S 34,34,34) (S 270,270,270) (S 289,289,289) (D 0,365,365)
0 1 28 195 1048.00 6 (D 0,365,365) (S 574,126,127) (S 127,127,127) (S 126,126,126) (S 121,121,121) (D 0,365,365)
0 1 29 672 2146.00 5 (D 0,365,365) (S 553,513,569) (S 500,513,514) (S 513,530,531) (D 0,365,365)
0 1 30 506 1810.00 8 (D 0,365,365) (S 388,20,393) (S 361,296,368) (S 374,10,381) (S 79,79,79) (S 6,6,6) (S 283,283,283) (D 0,365,365)
0 1 31 498 1793.00 8 (D 0,365,365) (S 387,393,394) (S 23,23,23) (S 92,92,92) (S 362,9,295) (S 9,9,9) (S 290,290,290) (D 0,365,365)
0 1 32 537 1924.00 7 (D 0,365,365) (S 381,381,388) (S 463,9,369) (S 295,295,295) (S 294,294,294) (S 133,133,133) (D 0,365,365)
0 1 33 320 2020.00 9 (D 0,365,365) (S 502,104,516) (S 593,589,607) (S 223,223,223) (S 228,228,228) (S 131,131,131) (S 132,132,132) (S 90,90,90) (D 0,365,365)
0 1 34 1108 3314.00 12 (D 0,365,365) (S 542,557,558) (S 594,608,609) (S 606,619,625) (S 607,620,626) (S 612,146,632) (S 608,627,628) (S 315,315,315) (S 153,153,153) (S 320,320,320) (S 300,300,300) (D 0,365,365)
0 1 35 430 3428.00 10 (D 0,365,365) (S 516,506,534) (S 522,506,538) (S 697,730,731) (S 698,731,732) (S 252,252,252) (S 217,217,217) (S 224,224,224) (S 329,329,329) (D 0,365,365)
0 1 36 414 1263.00 7 (D 0,365,365) (S 521,106,506) (S 98,98,98) (S 610,98,507) (S 604,507,622) (S 309,309,309) (D 0,365,365)
0 1 37 428 3409.00 8 (D 0,365,365) (S 501,515,516) (S 675,709,710) (S 673,200,706) (S 195,195,195) (S 196,196,196) (S 198,198,198) (D 0,365,365)
0 1 38 158 824.00 5 (D 0,365,365) (S 399,405,406) (S 462,464,465) (S 77,77,77) (D 0,365,365)
0 1 39 217 857.00 5 (D 0,365,365) (S 530,302,545) (S 110,110,110) (S 302,302,302) (D 0,365,365)
0 1 40 1006 2619.00 12 (D 0,365,365) (S 372,340,367) (S 340,341,342) (S 341,342,343) (S 342,344,345) (S 364,344,370) (S 366,372,373) (S 13,13,13) (S 30,30,30) (S 31,31,31) (S 280,280,280) (D 0,365,365)
0 1 41 233 1896.00 5 (D 0,365,365) (S 659,689,690) (S 179,179,179) (S 313,313,313) (D 0,365,365)
0 1 42 269 1005.00 6 (D 0,365,365) (S 503,494,517) (S 566,539,581) (S 297,297,297) (S 120,120,120) (D 0,365,365)
0 1 43 339 2732.00 6 (D 0,365,365) (S 535,524,551) (S 664,696,697) (S 323,323,323) (S 181,181,181) (D 0,365,365)
0 1 44 1054 3848.00 9 (D 0,365,365) (S 470,292,474) (S 622,474,601) (S 691,673,725) (S 623,645,646) (S 624,646,647) (S 165,165,165) (S 160,160,160) (D 0,365,365)
0 1 45 883 2799.00 6 (D 0,365,365) (S 557,492,541) (S 525,541,542) (S 583,557,598) (S 601,618,619) (D 0,365,365)
0 1 46 375 1083.00 7 (D 0,365,365) (S 534,112,550) (S 600,616,617) (S 141,141,141) (S 112,112,112) (S 305,305,305) (D 0,365,365)
0 1 47 174 846.00 6 (D 0,365,365) (S 532,86,548) (S 85,85,85) (S 590,573,606) (S 301,301,301) (D 0,365,365)
0 1 48 256 879.00 7 (D 0,365,365) (S 479,305,486) (S 478,484,485) (S 599,89,615) (S 89,89,89) (S 93,93,93) (D 0,365,365)
0 1 49 1597 4110.00 12 (D 0,365,365) (S 475,480,481) (S 628,648,652) (S 631,655,656) (S 682,649,717) (S 627,650,651) (S 686,650,656) (S 649,668,676) (S 204,204,204) (S 203,203,203) (S 219,219,219) (D 0,365,365)
0 1 50 847 2608.00 8 (D 0,365,365) (S 571,586,587) (S 512,511,529) (S 508,298,523) (S 298,298,298) (S 129,129,129) (S 319,319,319) (D 0,365,365)
0 1 51 1060 2850.00 8 (D 0,365,365) (S 497,100,510) (S 149,149,149) (S 150,150,150) (S 613,150,633) (S 586,449,600) (S 136,136,136) (D 0,365,365)
0 1 52 334 1844.00 7 (D 0,365,365) (S 509,524,525) (S 487,498,499) (S 221,221,221) (S 230,230,230) (S 213,213,213) (D 0,365,365)
0 1 53 218 844.00 5 (D 0,365,365) (S 528,109,477) (S 473,477,478) (S 312,312,312) (D 0,365,365)
0 1 54 518 3193.00 8 (D 0,365,365) (S 537,516,552) (S 668,191,701) (S 183,183,183) (S 194,194,194) (S 182,182,182) (S 229,229,229) (D 0,365,365)
0 1 55 483 1199.00 7 (D 0,365,365) (S 531,546,547) (S 538,114,305) (S 597,113,612) (S 293,293,293) (S 111,111,111) (D 0,365,365)
0 1 56 822 2503.00 5 (D 0,365,365) (S 507,522,523) (S 605,623,624) (S 311,311,311) (D 0,365,365)
0 1 57 637 1517.00 8 (D 0,365,365) (S 495,506,507) (S 104,104,104) (S 515,104,533) (S 106,106,106) (S 96,96,96) (S 114,114,114) (D 0,365,365)
0 1 58 638 1774.00 9 (D 0,365,365) (S 490,96,97) (S 97,97,97) (S 491,503,504) (S 562,119,306) (S 118,118,118) (S 119,119,119) (S 306,306,306) (D 0,365,365)
0 1 59 121 468.00 5 (D 0,365,365) (S 398,403,404) (S 36,36,36) (S 2,2,2) (D 0,365,365)
0 1 60 476 1361.00 8 (D 0,365,365) (S 536,551,552) (S 318,318,318) (S 573,476,589) (S 125,125,125) (S 472,125,476) (S 271,271,271) (D 0,365,365)
0 1 61 306 848.00 6 (D 0,365,365) (S 460,454,461) (S 456,454,455) (S 403,358,410) (S 281,281,281) (D 0,365,365)
0 1 62 647 3202.00 8 (D 0,365,365) (S 555,497,501) (S 488,499,500) (S 695,244,335) (S 249,249,249) (S 244,244,244) (S 155,155,155) (D 0,365,365)
0 1 63 552 1377.00 6 (D 0,365,365) (S 481,489,490) (S 567,302,582) (S 529,108,545) (S 303,303,303) (D 0,365,365)
0 1 64 293 1043.00 8 (D 0,365,365) (S 443,51,272) (S 422,360,422) (S 68,68,68) (S 69,69,69) (S 43,43,43) (S 39,39,39) (D 0,365,365)
0 1 65 221 837.00 7 (D 0,365,365) (S 380,386,387) (S 75,75,75) (S 611,80,631) (S 80,80,80) (S 54,54,54) (D 0,365,365)
0 1 66 1428 2727.00 10 (D 0,365,365) (S 551,567,568) (S 543,559,560) (S 489,501,502) (S 563,504,576) (S 492,504,505) (S 494,307,505) (S 307,307,307) (S 95,95,95) (D 0,365,365)
0 1 67 308 2114.00 8 (D 0,365,365) (S 511,521,528) (S 452,449,450) (S 53,53,53) (S 26,26,26) (S 25,25,25) (S 27,27,27) (D 0,365,365)
0 1 68 470 2093.00 9 (D 0,365,365) (S 392,262,397) (S 476,482,483) (S 561,93,575) (S 658,177,178) (S 178,178,178) (S 177,177,177) (S 175,175,175) (D 0,365,365)
0 1 69 889 1865.00 8 (D 0,365,365) (S 545,115,561) (S 550,560,566) (S 544,560,561) (S 115,115,115) (S 94,94,94) (S 145,145,145) (D 0,365,365)
0 1 70 449 1111.00 7 (D 0,365,365) (S 396,35,401) (S 425,425,426) (S 55,55,55) (S 291,291,291) (S 273,273,273) (D 0,365,365)
0 1 71 1051 2912.00 14 (D 0,365,365) (S 572,586,588) (S 558,492,572) (S 482,491,492) (S 355,295,363) (S 373,10,367) (S 359,8,366) (S 379,29,385) (S 63,63,63) (S 57,57,57) (S 58,58,58) (S 64,64,64) (S 45,45,45) (D 0,365,365)
0 1 72 474 1155.00 9 (D 0,365,365) (S 474,293,479) (S 117,117,117) (S 618,555,640) (S 116,116,116) (S 86,86,86) (S 76,76,76) (S 277,277,277) (D 0,365,365)
0 1 73 314 982.00 8 (D 0,365,365) (S 368,375,376) (S 347,352,353) (S 47,47,47) (S 62,62,62) (S 284,284,284) (S 288,288,288) (D 0,365,365)
0 1 74 704 1576.00 13 (D 0,365,365) (S 541,304,556) (S 540,554,555) (S 619,641,642) (S 304,304,304) (S 84,84,84) (S 113,113,113) (S 87,87,87) (S 88,88,88) (S 140,140,140) (S 262,262,262) (S 287,287,287) (D 0,365,365)
0 1 75 1410 3792.00 9 (D 0,365,365) (S 636,661,662) (S 205,205,205) (S 220,220,220) (S 643,166,644) (S 660,691,692) (S 236,236,236) (S 207,207,207) (D 0,365,365)
0 1 76 779 2591.00 9 (D 0,365,365) (S 499,512,513) (S 554,569,570) (S 564,577,578) (S 144,144,144) (S 142,142,142) (S 100,100,100) (S 267,267,267) (D 0,365,365)
0 1 77 1067 4148.00 11 (D 0,365,365) (S 517,501,535) (S 519,535,537) (S 518,535,536) (S 656,685,686) (S 172,172,172) (S 171,171,171) (S 257,257,257) (S 258,258,258) (S 261,261,261) (D 0,365,365)
0 1 78 125 898.00 6 (D 0,365,365) (S 344,348,349) (S 375,348,382) (S 78,78,78) (S 70,70,70) (D 0,365,365)
0 1 79 953 3951.00 15 (D 0,365,365) (S 338,338,339) (S 577,486,593) (S 486,496,497) (S 548,563,564) (S 546,502,562) (S 569,562,584) (S 678,202,713) (S 256,256,256) (S 154,154,154) (S 333,333,333) (S 200,200,200) (S 211,211,211) (S 222,222,222) (D 0,365,365)
0 1 80 406 999.00 7 (D 0,365,365) (S 402,38,355) (S 337,336,337) (S 350,339,355) (S 38,38,38) (S 274,274,274) (D 0,365,365)
0 1 81 332 691.00 6 (D 0,365,365) (S 418,287,386) (S 44,44,44) (S 423,44,423) (S 37,37,37) (D 0,365,365)
0 1 82 511 1105.00 10 (D 0,365,365) (S 345,349,350) (S 457,456,457) (S 1,1,1) (S 406,346,411) (S 60,60,60) (S 61,61,61) (S 407,39,412) (S 52,52,52) (D 0,365,365)
0 1 83 952 1855.00 6 (D 0,365,365) (S 524,539,540) (S 504,518,519) (S 523,519,539) (S 484,494,495) (D 0,365,365)
0 1 84 2267 4077.00 7 (D 0,365,365) (S 363,10,369) (S 354,345,362) (S 360,367,368) (S 552,512,569) (S 585,529,530) (D 0,365,365)
0 1 85 694 1610.00 6 (D 0,365,365) (S 440,38,441) (S 603,318,579) (S 565,579,580) (S 109,109,109) (D 0,365,365)
0 1 86 750 2371.00 6 (D 0,365,365) (S 445,64,420) (S 386,32,392) (S 400,407,408) (S 575,590,591) (D 0,365,365)
0 1 87 493 1201.00 6 (D 0,365,365) (S 413,39,416) (S 42,42,42) (S 263,263,263) (S 278,278,278) (D 0,365,365)
0 1 88 330 1011.00 9 (D 0,365,365) (S 465,466,467) (S 21,21,21) (S 41,41,41) (S 377,27,383) (S 447,27,285) (S 66,66,66) (S 7,7,7) (D 0,365,365)
0 1 89 679 1967.00 8 (D 0,365,365) (S 446,410,447) (S 455,442,454) (S 151,151,151) (S 596,91,152) (S 152,152,152) (S 91,91,91) (D 0,365,365)
0 1 90 1095 3207.00 16 (D 0,365,365) (S 453,4,451) (S 471,475,476) (S 242,242,242) (S 174,174,174) (S 176,176,176) (S 332,332,332) (S 226,226,226) (S 218,218,218) (S 83,83,83) (S 592,515,551) (S 576,94,592) (S 526,484,543) (S 107,107,107) (S 108,108,108) (D 0,365,365)
0 1 91 789 2287.00 9 (D 0,365,365) (S 485,94,496) (S 588,603,604) (S 161,161,161) (S 639,164,665) (S 676,163,711) (S 163,163,163) (S 201,201,201) (D 0,365,365)
0 1 92 187 382.00 6 (D 0,365,365) (S 356,7,356) (S 383,279,390) (S 59,59,59) (S 12,12,12) (D 0,365,365)
0 1 93 652 1400.00 9 (D 0,365,365) (S 401,401,409) (S 467,468,470) (S 617,470,639) (S 71,71,71) (S 72,72,72) (S 74,74,74) (S 73,73,73) (D 0,365,365)
0 1 94 567 1289.00 8 (D 0,365,365) (S 419,349,419) (S 432,45,348) (S 430,264,432) (S 444,445,446) (S 442,443,444) (S 454,452,453) (D 0,365,365)
0 1 95 826 1434.00 7 (D 0,365,365) (S 469,425,473) (S 426,427,428) (S 439,439,440) (S 51,51,51) (S 272,272,272) (D 0,365,365)
0 1 96 1325 2203.00 10 (D 0,365,365) (S 408,40,412) (S 437,16,437) (S 405,346,353) (S 441,281,442) (S 459,442,460) (S 346,351,352) (S 67,67,67) (S 22,22,22) (D 0,365,365)
0 1 97 888 1972.00 8 (D 0,365,365) (S 589,301,605) (S 560,573,574) (S 520,96,106) (S 514,104,532) (S 591,551,606) (S 265,265,265) (D 0,365,365)
0 1 98 531 1244.00 8 (D 0,365,365) (S 410,375,413) (S 435,48,435) (S 276,276,276) (S 11,11,11) (S 56,56,56) (S 266,266,266) (D 0,365,365)
0 1 99 978 1772.00 8 (D 0,365,365) (S 391,273,396) (S 559,431,508) (S 124,124,124) (S 496,508,509) (S 614,634,635) (S 308,308,308) (D 0,365,365)
0 1 100 598 1088.00 10 (D 0,365,365) (S 448,27,417) (S 415,41,417) (S 449,417,448) (S 24,24,24) (S 81,81,81) (S 268,268,268) (S 82,82,82) (S 279,279,279) (D 0,365,365)
0 1 101 682 1202.00 10 (D 0,365,365) (S 351,356,357) (S 450,275,287) (S 3,3,3) (S 4,4,4) (S 349,4,339) (S 416,404,418) (S 417,287,418) (S 286,286,286) (D 0,365,365)
0 1 102 1063 1769.00 6 (D 0,365,365) (S 352,358,359) (S 348,352,354) (S 458,458,459) (S 49,49,49) (D 0,365,365)
0 1 103 559 2567.00 7 (D 0,365,365) (S 429,429,431) (S 677,202,712) (S 206,206,206) (S 208,208,208) (S 209,209,209) (D 0,365,365)
0 1 104 1400 2597.00 8 (D 0,365,365) (S 466,468,469) (S 427,428,429) (S 464,396,429) (S 468,471,472) (S 616,637,638) (S 527,517,544) (D 0,365,365)
0 1 105 567 1509.00 8 (D 0,365,365) (S 431,264,389) (S 404,281,358) (S 579,595,596) (S 510,526,527) (S 50,50,50) (S 48,48,48) (D 0,365,365)
0 1 106 2128 3480.00 9 (D 0,365,365) (S 547,502,563) (S 609,629,630) (S 493,496,505) (S 533,548,549) (S 393,397,398) (S 451,38,423) (S 395,5,400) (D 0,365,365)
0 1 107 728 1841.00 11 (D 0,365,365) (S 382,279,389) (S 580,526,596) (S 438,392,438) (S 33,33,33) (S 32,32,32) (S 17,17,17) (S 14,14,14) (S 134,134,134) (S 65,65,65) (D 0,365,365)
0 1 108 1161 3764.00 13 (D 0,365,365) (S 357,364,365) (S 483,93,493) (S 477,87,483) (S 568,550,583) (S 210,210,210) (S 193,193,193) (S 189,189,189) (S 666,189,700) (S 192,192,192) (S 202,202,202) (D 0,365,365)
0 1 109 1872 3775.00 7 (D 0,365,365) (S 385,373,391) (S 367,373,374) (S 369,377,378) (S 556,541,571) (S 394,341,399) (D 0,365,365)
0 1 110 1472 2569.00 7 (D 0,365,365) (S 461,462,463) (S 421,360,421) (S 420,43,420) (S 434,433,434) (S 353,360,361) (D 0,365,365)
0 1 111 1270 2205.00 8 (D 0,365,365) (S 411,375,414) (S 316,316,316) (S 539,86,553) (S 598,613,614) (S 5,5,5) (S 275,275,275) (D 0,365,365)
0 1 112 1229 3015.00 9 (D 0,365,365) (S 424,21,424) (S 233,233,233) (S 240,240,240) (S 687,321,722) (S 640,234,666) (S 689,235,724) (S 326,326,326) (D 0,365,365)
0 1 113 2029 3545.00 6 (D 0,365,365) (S 414,376,415) (S 428,428,430) (S 505,519,520) (S 480,487,488) (D 0,365,365)
0 1 114 1479 3315.00 7 (D 0,365,365) (S 570,572,585) (S 336,67,267) (S 412,41,415) (S 384,364,390) (S 264,264,264) (D 0,365,365)
0 1 115 2749 4306.00 11 (D 0,365,365) (S 358,344,366) (S 28,28,28) (S 378,29,384) (S 390,385,395) (S 389,385,393) (S 371,19,20) (S 339,340,341) (S 18,18,18) (S 285,285,285) (D 0,365,365)
0 1 116 2837 3775.00 10 (D 0,365,365) (S 343,346,347) (S 409,40,402) (S 397,35,402) (S 433,402,433) (S 16,16,16) (S 40,40,40) (S 35,35,35) (S 282,282,282) (D 0,365,365)