854.00
8
21078723
20851077
0 1 1 33 114.00 8 (D 0,1,1) (S 20,14,18) (S 23,16,17) (S 28,20,21) (S 36,2,4) (S 7,9,9) (D 0,1,1)
0 1 2 28 102.00 7 (D 0,1,1) (S 17,3,10) (S 24,13,17) (S 33,1,19) (S 25,24,21) (D 0,1,1)
0 1 3 41 146.00 8 (D 0,1,1) (S 22,6,11) (S 29,8,14) (S 34,16,15) (S 14,22,22) (S 5,6,6) (D 0,1,1)
0 1 4 25 80.00 7 (D 0,1,1) (S 19,13,14) (S 26,12,11) (S 8,11,11) (S 38,10,2) (S 3,4,4) (D 0,1,1)
0 1 5 29 103.00 8 (D 0,1,1) (S 16,1,20) (S 35,9,19) (S 31,20,15) (S 9,14,14) (D 0,1,1)
0 1 6 39 135.00 8 (D 0,1,1) (S 15,6,12) (S 27,6,5) (S 37,21,24) (S 10,17,17) (D 0,1,1)
0 1 7 31 94.00 7 (D 0,1,1) (S 21,23,24) (S 40,15,21) (S 30,1,11) (S 1,2,2) (D 0,1,1)
0 1 8 14 80.00 7 (D 0,1,1) (S 18,12,16) (S 39,15,20) (S 32,12,17) (S 11,18,18) (D 0,1,1)