791.00
10
46769988
46685161
0 1 1 26 67.00 6 (D 0,1,1) (S 16,12,13) (S 41,14,18) (S 35,8,24) (S 2,3,3) (D 0,1,1)
0 1 2 22 94.00 9 (D 0,1,1) (S 17,18,21) (S 34,13,14) (S 40,16,17) (S 7,8,8) (S 1,2,2) (D 0,1,1)
0 1 3 26 94.00 10 (D 0,1,1) (S 20,14,20) (S 10,14,14) (S 33,1,27) (S 29,1,24) (S 11,17,17) (D 0,1,1)
0 1 4 21 82.00 7 (D 0,1,1) (S 21,1,15) (S 25,21,22) (S 31,24,27) (S 14,21,21) (S 9,12,12) (D 0,1,1)
0 1 5 23 91.00 8 (D 0,1,1) (S 19,22,25) (S 37,23,24) (S 32,2,1) (S 13,20,20) (D 0,1,1)
0 1 6 25 60.00 5 (D 0,1,1) (S 18,4,5) (S 36,6,9) (S 43,15,17) (D 0,1,1)
0 1 7 16 66.00 7 (D 0,1,1) (S 22,25,26) (S 39,1,19) (S 44,26,27) (D 0,1,1)
0 1 8 18 76.00 6 (D 0,1,1) (S 38,3,8) (S 26,23,26) (S 30,4,19) (S 6,7,7) (D 0,1,1)
0 1 9 19 84.00 6 (D 0,1,1) (S 28,5,9) (S 42,3,6) (S 27,21,23) (S 12,18,18) (D 0,1,1)
0 1 10 20 77.00 6 (D 0,1,1) (S 24,8,9) (S 45,13,15) (S 23,15,20) (S 15,22,22) (D 0,1,1)