803.00
10
47018526
46927396
0 1 1 22 73.00 7 (D 0,1,1) (S 14,13,14) (S 25,21,22) (S 35,22,23) (S 39,6,9) (S 2,4,4) (D 0,1,1)
0 1 2 22 78.00 7 (D 0,1,1) (S 13,14,20) (S 20,4,12) (S 29,4,19) (S 28,5,6) (S 4,8,8) (D 0,1,1)
0 1 3 26 87.00 6 (D 0,1,1) (S 12,3,8) (S 21,5,9) (S 32,20,21) (S 27,15,17) (D 0,1,1)
0 1 4 23 56.00 5 (D 0,1,1) (S 11,2,12) (S 37,8,9) (S 33,4,5) (D 0,1,1)
0 1 5 23 99.00 9 (D 0,1,1) (S 15,15,20) (S 38,22,25) (S 45,6,8) (S 42,1,17) (S 5,10,10) (D 0,1,1)
0 1 6 20 83.00 7 (D 0,1,1) (S 17,3,4) (S 44,14,18) (S 26,1,27) (S 36,3,6) (D 0,1,1)
0 1 7 24 107.00 8 (D 0,1,1) (S 16,21,23) (S 46,25,26) (S 23,24,27) (S 47,13,15) (S 7,16,16) (D 0,1,1)
0 1 8 23 64.00 7 (D 0,1,1) (S 10,1,3) (S 30,1,15) (S 22,4,6) (S 40,12,19) (D 0,1,1)
0 1 9 15 77.00 6 (D 0,1,1) (S 18,21,25) (S 24,7,11) (S 43,12,13) (S 1,2,2) (D 0,1,1)
0 1 10 26 79.00 8 (D 0,1,1) (S 34,18,21) (S 19,1,19) (S 31,1,24) (S 3,6,6) (D 0,1,1)