705.00
10
49387202
49271217
0 1 1 17 93.00 9 (D 0,1,1) (S 18,14,21) (S 25,16,17) (S 27,26,27) (S 7,12,12) (S 8,13,13) (D 0,1,1)
0 1 2 22 64.00 6 (D 0,1,1) (S 20,1,17) (S 40,14,20) (S 24,18,25) (S 14,23,23) (D 0,1,1)
0 1 3 25 69.00 6 (D 0,1,1) (S 19,22,23) (S 29,23,24) (S 30,3,6) (S 6,8,8) (D 0,1,1)
0 1 4 20 93.00 8 (D 0,1,1) (S 22,21,22) (S 35,13,15) (S 33,1,19) (S 13,22,22) (D 0,1,1)
0 1 5 21 54.00 6 (D 0,1,1) (S 17,7,11) (S 37,4,10) (S 26,12,19) (S 1,2,2) (D 0,1,1)
0 1 6 27 75.00 6 (D 0,1,1) (S 21,15,17) (S 9,14,14) (S 31,6,8) (S 16,27,27) (D 0,1,1)
0 1 7 22 73.00 5 (D 0,1,1) (S 39,10,11) (S 41,25,26) (S 2,3,3) (D 0,1,1)
0 1 8 18 56.00 4 (D 0,1,1) (S 34,18,21) (S 23,4,6) (D 0,1,1)
0 1 9 15 70.00 5 (D 0,1,1) (S 32,5,9) (S 28,3,4) (S 11,20,20) (D 0,1,1)
0 1 10 24 58.00 8 (D 0,1,1) (S 38,8,24) (S 15,24,24) (S 36,2,1) (S 4,5,5) (D 0,1,1)