952.00
8
40750686
40643347
0 1 1 31 117.00 8 (D 0,1,1) (S 19,14,18) (S 44,6,5) (S 15,3,9) (S 40,9,19) (S 30,5,4) (D 0,1,1)
0 1 2 35 134.00 8 (D 0,1,1) (S 22,3,10) (S 24,19,20) (S 21,23,24) (S 34,17,12) (S 35,6,7) (D 0,1,1)
0 1 3 45 145.00 10 (D 0,1,1) (S 14,2,5) (S 37,15,21) (S 23,22,23) (S 31,16,17) (S 45,18,17) (S 3,6,6) (D 0,1,1)
0 1 4 43 95.00 6 (D 0,1,1) (S 20,6,11) (S 28,1,19) (S 36,20,21) (D 0,1,1)
0 1 5 25 83.00 8 (D 0,1,1) (S 18,5,11) (S 6,11,11) (S 27,4,5) (S 43,8,14) (S 38,13,17) (S 8,15,15) (D 0,1,1)
0 1 6 44 139.00 9 (D 0,1,1) (S 16,3,4) (S 41,19,9) (S 33,14,8) (S 29,12,11) (S 10,19,19) (D 0,1,1)
0 1 7 29 124.00 9 (D 0,1,1) (S 13,13,14) (S 47,16,15) (S 46,21,15) (S 1,2,2) (S 26,17,13) (S 9,17,17) (D 0,1,1)
0 1 8 38 115.00 10 (D 0,1,1) (S 17,7,13) (S 48,17,16) (S 42,11,1) (S 39,20,15) (S 11,20,20) (S 7,12,12) (D 0,1,1)