1157.00
8
35507975
35428551
0 1 1 40 154.00 7 (D 0,1,1) (S 20,19,22) (S 38,10,11) (S 24,21,24) (S 22,16,17) (S 11,17,17) (D 0,1,1)
0 1 2 39 152.00 9 (D 0,1,1) (S 18,8,14) (S 28,16,15) (S 30,19,9) (S 6,9,9) (S 41,3,1) (S 3,4,4) (D 0,1,1)
0 1 3 37 167.00 6 (D 0,1,1) (S 21,6,7) (S 37,12,6) (S 36,12,11) (S 32,16,12) (D 0,1,1)
0 1 4 36 136.00 7 (D 0,1,1) (S 23,11,15) (S 34,15,16) (S 25,23,24) (S 35,20,10) (S 12,20,20) (D 0,1,1)
0 1 5 38 138.00 6 (D 0,1,1) (S 19,9,10) (S 29,9,3) (S 44,22,23) (S 33,19,20) (D 0,1,1)
0 1 6 24 132.00 7 (D 0,1,1) (S 15,3,4) (S 45,20,23) (S 31,23,22) (S 27,21,15) (S 10,14,14) (D 0,1,1)
0 1 7 29 158.00 7 (D 0,1,1) (S 17,12,13) (S 39,18,14) (S 43,24,23) (S 42,11,5) (S 8,11,11) (D 0,1,1)
0 1 8 19 120.00 7 (D 0,1,1) (S 16,2,4) (S 26,15,21) (S 14,24,24) (S 40,7,8) (S 9,13,13) (D 0,1,1)