962.00
10
32317684
32213586
0 1 1 22 78.00 7 (D 0,1,1) (S 22,24,27) (S 40,2,12) (S 31,6,8) (D 0,1,1)
0 1 2 24 93.00 7 (D 0,1,1) (S 21,18,25) (S 23,4,5) (S 46,5,9) (S 5,8,8) (D 0,1,1)
0 1 3 17 89.00 8 (D 0,1,1) (S 16,6,7) (S 1,3,3) (S 43,12,13) (S 34,22,25) (S 11,21,21) (D 0,1,1)
0 1 4 26 93.00 8 (D 0,1,1) (S 18,6,9) (S 45,13,14) (S 30,21,25) (S 14,26,26) (S 15,27,27) (D 0,1,1)
0 1 5 16 121.00 9 (D 0,1,1) (S 17,23,26) (S 4,7,7) (S 35,1,24) (S 36,14,20) (S 8,16,16) (D 0,1,1)
0 1 6 20 109.00 8 (D 0,1,1) (S 19,20,21) (S 41,3,4) (S 25,1,15) (S 6,14,14) (D 0,1,1)
0 1 7 16 100.00 8 (D 0,1,1) (S 20,14,18) (S 28,2,1) (S 38,4,10) (S 13,25,25) (D 0,1,1)
0 1 8 27 123.00 8 (D 0,1,1) (S 33,10,11) (S 32,14,21) (S 44,6,10) (S 2,4,4) (D 0,1,1)
0 1 9 20 68.00 6 (D 0,1,1) (S 42,22,23) (S 27,21,23) (S 24,1,17) (D 0,1,1)
0 1 10 20 88.00 8 (D 0,1,1) (S 37,3,8) (S 26,3,6) (S 39,15,20) (S 10,19,19) (D 0,1,1)