380.00
7
30430596
30302365
0 1 1 19 68.00 7 (D 0,1,1) (S 21,21,24) (S 35,22,19) (S 18,11,15) (S 27,16,15) (S 5,7,7) (D 0,1,1)
0 1 2 18 46.00 7 (D 0,1,1) (S 17,1,3) (S 9,13,13) (S 23,15,21) (S 31,23,24) (S 10,15,15) (D 0,1,1)
0 1 3 16 55.00 7 (D 0,1,1) (S 20,10,11) (S 26,12,6) (S 34,8,7) (S 13,19,19) (S 3,5,5) (D 0,1,1)
0 1 4 17 53.00 7 (D 0,1,1) (S 19,5,11) (S 29,11,12) (S 28,13,12) (S 15,21,21) (S 6,8,8) (D 0,1,1)
0 1 5 17 73.00 8 (D 0,1,1) (S 24,14,18) (S 36,13,14) (S 37,2,4) (S 14,20,20) (S 16,22,22) (D 0,1,1)
0 1 6 15 34.00 6 (D 0,1,1) (S 25,1,2) (S 33,5,6) (S 32,6,12) (S 4,6,6) (D 0,1,1)
0 1 7 15 51.00 7 (D 0,1,1) (S 22,10,20) (S 38,23,20) (S 8,12,12) (S 30,17,18) (S 11,16,16) (D 0,1,1)