25258.00
14
27770699
24763029
0 1 1 721 1027.00 3 (D 0,1,1) (S 14,4,9) (D 0,1,1)
0 1 2 1313 2056.00 6 (D 0,1,1) (S 26,13,14) (S 29,15,22) (S 37,20,27) (S 45,28,29) (D 0,1,1)
0 1 3 1102 1939.00 9 (D 0,1,1) (S 16,6,7) (S 22,10,15) (S 15,5,10) (S 19,8,9) (S 3,14,14) (S 5,22,22) (S 2,11,11) (D 0,1,1)
0 1 4 1045 1830.00 6 (D 0,1,1) (S 38,21,28) (S 49,21,17) (S 47,11,12) (S 4,15,15) (D 0,1,1)
0 1 5 1266 2211.00 9 (D 0,1,1) (S 28,14,15) (S 21,9,14) (S 25,12,16) (S 35,19,24) (S 40,23,24) (S 50,26,25) (S 6,24,24) (D 0,1,1)
0 1 6 1421 2242.00 8 (D 0,1,1) (S 23,11,18) (S 24,12,13) (S 11,3,4) (S 12,3,8) (S 46,8,13) (S 48,12,7) (D 0,1,1)
0 1 7 1096 1498.00 5 (D 0,1,1) (S 10,2,7) (S 18,7,8) (S 27,13,17) (D 0,1,1)
0 1 8 1371 1886.00 5 (D 0,1,1) (S 34,19,20) (S 43,26,27) (S 44,27,28) (D 0,1,1)
0 1 9 1349 1722.00 5 (D 0,1,1) (S 13,4,5) (S 20,9,10) (S 1,3,3) (D 0,1,1)
0 1 10 1440 1979.00 5 (D 0,1,1) (S 41,23,25) (S 32,18,19) (S 30,16,17) (D 0,1,1)
0 1 11 1371 1905.00 5 (D 0,1,1) (S 9,2,3) (S 31,16,19) (S 42,24,26) (D 0,1,1)
0 1 12 923 1254.00 5 (D 0,1,1) (S 17,6,11) (S 8,1,6) (D 0,1,1)
0 1 13 1372 2001.00 4 (D 0,1,1) (S 36,20,21) (S 39,22,29) (D 0,1,1)
0 1 14 1303 1708.00 5 (D 0,1,1) (S 33,18,23) (S 7,1,2) (D 0,1,1)