79124.00
98
10321636617
10318958865
0 1 1 99 821.00 3 (D 0,1,1) (S 76,41,47) (D 0,1,1)
0 1 2 103 648.00 3 (D 0,1,1) (S 171,108,109) (D 0,1,1)
0 1 3 99 821.00 3 (D 0,1,1) (S 266,47,41) (D 0,1,1)
0 1 4 67 540.00 3 (D 0,1,1) (S 198,4,124) (D 0,1,1)
0 1 5 54 976.00 5 (D 0,1,1) (S 240,22,20) (S 50,20,22) (S 9,22,22) (D 0,1,1)
0 1 6 112 1173.00 7 (D 0,1,1) (S 246,26,23) (S 56,23,26) (S 244,25,24) (S 54,24,25) (S 3,25,25) (D 0,1,1)
0 1 7 58 1018.00 6 (D 0,1,1) (S 229,14,13) (S 46,18,19) (S 236,19,18) (S 4,14,14) (D 0,1,1)
0 1 8 51 966.00 6 (D 0,1,1) (S 57,25,27) (S 248,28,27) (S 58,27,28) (S 1,27,27) (D 0,1,1)
0 1 9 112 1302.00 4 (D 0,1,1) (S 53,23,24) (S 243,24,23) (D 0,1,1)
0 1 10 96 1214.00 4 (D 0,1,1) (S 245,26,25) (S 55,25,26) (D 0,1,1)
0 1 11 112 1334.00 6 (D 0,1,1) (S 51,21,23) (S 62,26,31) (S 252,31,26) (S 242,24,20) (D 0,1,1)
0 1 12 77 1021.00 6 (D 0,1,1) (S 32,6,7) (S 222,7,6) (S 20,6,6) (S 21,11,11) (D 0,1,1)
0 1 13 95 1100.00 7 (D 0,1,1) (S 48,12,20) (S 44,13,16) (S 234,16,13) (S 228,13,12) (S 227,12,11) (D 0,1,1)
0 1 14 117 1272.00 5 (D 0,1,1) (S 219,11,27) (S 241,23,21) (S 11,21,21) (D 0,1,1)
0 1 15 113 1240.00 5 (D 0,1,1) (S 64,29,33) (S 34,8,9) (S 65,11,33) (D 0,1,1)
0 1 16 64 862.00 6 (D 0,1,1) (S 280,51,50) (S 279,50,48) (S 89,48,50) (S 408,140,54) (D 0,1,1)
0 1 17 40 688.00 5 (D 0,1,1) (S 294,61,49) (S 104,49,61) (S 29,59,59) (D 0,1,1)
0 1 18 102 1037.00 4 (D 0,1,1) (S 254,33,29) (S 409,27,11) (D 0,1,1)
0 1 19 77 715.00 7 (D 0,1,1) (S 261,38,36) (S 258,36,35) (S 68,35,36) (S 22,36,36) (S 18,35,35) (D 0,1,1)
0 1 20 98 964.00 4 (D 0,1,1) (S 256,139,34) (S 66,34,139) (D 0,1,1)
0 1 21 106 914.00 6 (D 0,1,1) (S 292,61,60) (S 290,60,59) (S 100,59,60) (S 102,60,61) (D 0,1,1)
0 1 22 53 914.00 7 (D 0,1,1) (S 274,47,46) (S 60,28,30) (S 250,30,28) (S 13,28,28) (S 16,30,30) (D 0,1,1)
0 1 23 98 936.00 4 (D 0,1,1) (S 87,48,139) (S 277,139,48) (D 0,1,1)
0 1 24 115 1164.00 9 (D 0,1,1) (S 275,46,43) (S 81,44,45) (S 276,139,33) (S 37,11,12) (S 38,12,13) (S 39,13,14) (S 237,19,10) (D 0,1,1)
0 1 25 61 712.00 7 (D 0,1,1) (S 270,44,43) (S 268,43,42) (S 273,47,42) (S 83,42,47) (S 267,42,37) (D 0,1,1)
0 1 26 85 1141.00 6 (D 0,1,1) (S 121,44,73) (S 231,16,15) (S 230,15,10) (S 47,10,19) (D 0,1,1)
0 1 27 41 588.00 7 (D 0,1,1) (S 309,74,72) (S 310,74,73) (S 120,73,74) (S 306,71,69) (S 17,69,69) (D 0,1,1)
0 1 28 108 798.00 8 (D 0,1,1) (S 271,45,44) (S 101,45,60) (S 291,60,45) (S 82,34,45) (S 272,45,34) (S 6,46,46) (D 0,1,1)
0 1 29 71 818.00 4 (D 0,1,1) (S 289,59,58) (S 103,59,61) (D 0,1,1)
0 1 30 119 988.00 6 (D 0,1,1) (S 94,49,140) (S 284,140,49) (S 293,61,59) (S 99,58,59) (D 0,1,1)
0 1 31 94 996.00 9 (D 0,1,1) (S 218,54,140) (S 92,52,53) (S 281,52,51) (S 91,51,52) (S 88,48,49) (S 278,49,48) (S 98,57,58) (D 0,1,1)
0 1 32 111 923.00 7 (D 0,1,1) (S 124,74,76) (S 259,37,35) (S 260,37,36) (S 79,37,43) (S 80,43,44) (D 0,1,1)
0 1 33 44 508.00 5 (D 0,1,1) (S 401,135,134) (S 211,134,135) (S 12,135,135) (D 0,1,1)
0 1 34 97 782.00 6 (D 0,1,1) (S 97,56,57) (S 105,57,62) (S 107,63,64) (S 150,63,93) (D 0,1,1)
0 1 35 112 1121.00 10 (D 0,1,1) (S 112,67,68) (S 255,33,11) (S 232,17,15) (S 42,15,17) (S 45,17,18) (S 235,18,17) (S 41,15,16) (S 27,16,16) (D 0,1,1)
0 1 36 109 946.00 7 (D 0,1,1) (S 71,36,38) (S 265,41,38) (S 75,38,41) (S 69,35,37) (S 313,76,75) (D 0,1,1)
0 1 37 118 1306.00 5 (D 0,1,1) (S 314,76,74) (S 52,20,24) (S 49,20,21) (D 0,1,1)
0 1 38 91 937.00 6 (D 0,1,1) (S 123,75,76) (S 74,40,41) (S 264,41,40) (S 70,36,37) (D 0,1,1)
0 1 39 117 823.00 8 (D 0,1,1) (S 343,96,95) (S 153,95,96) (S 344,97,96) (S 156,96,99) (S 347,99,97) (S 157,97,99) (D 0,1,1)
0 1 40 112 941.00 7 (D 0,1,1) (S 311,73,44) (S 78,42,43) (S 85,43,46) (S 84,46,47) (S 67,34,35) (D 0,1,1)
0 1 41 76 729.00 6 (D 0,1,1) (S 116,69,71) (S 119,72,74) (S 308,73,72) (S 300,66,62) (D 0,1,1)
0 1 42 112 871.00 8 (D 0,1,1) (S 301,67,66) (S 298,65,64) (S 108,64,65) (S 109,56,65) (S 106,62,63) (S 25,63,63) (D 0,1,1)
0 1 43 82 737.00 6 (D 0,1,1) (S 312,75,71) (S 307,72,71) (S 117,71,72) (S 161,66,101) (D 0,1,1)
0 1 44 103 1253.00 8 (D 0,1,1) (S 251,31,30) (S 247,27,25) (S 233,17,13) (S 43,13,17) (S 86,33,139) (S 136,83,84) (D 0,1,1)
0 1 45 90 696.00 5 (D 0,1,1) (S 149,64,93) (S 340,93,63) (S 110,62,66) (D 0,1,1)
0 1 46 38 473.00 6 (D 0,1,1) (S 349,100,94) (S 160,94,101) (S 350,101,94) (S 28,104,104) (D 0,1,1)
0 1 47 113 1138.00 6 (D 0,1,1) (S 325,84,82) (S 221,6,5) (S 31,5,6) (S 36,8,11) (D 0,1,1)
0 1 48 117 1202.00 8 (D 0,1,1) (S 327,85,84) (S 59,28,29) (S 249,29,28) (S 63,30,32) (S 253,32,30) (S 61,30,31) (D 0,1,1)
0 1 49 87 816.00 8 (D 0,1,1) (S 165,102,104) (S 346,99,96) (S 154,96,97) (S 345,98,97) (S 155,97,98) (S 348,100,99) (D 0,1,1)
0 1 50 116 869.00 8 (D 0,1,1) (S 122,71,75) (S 220,58,70) (S 410,70,58) (S 288,58,57) (S 151,93,94) (S 355,104,102) (D 0,1,1)
0 1 51 118 1231.00 7 (D 0,1,1) (S 113,67,69) (S 303,69,67) (S 118,72,73) (S 239,21,20) (S 238,20,12) (D 0,1,1)
0 1 52 46 454.00 6 (D 0,1,1) (S 406,138,125) (S 214,136,138) (S 404,138,136) (S 30,136,136) (D 0,1,1)
0 1 53 110 706.00 11 (D 0,1,1) (S 133,82,83) (S 324,83,81) (S 320,81,79) (S 318,79,78) (S 127,77,78) (S 317,78,77) (S 129,79,80) (S 131,80,81) (S 137,84,85) (D 0,1,1)
0 1 54 117 848.00 9 (D 0,1,1) (S 337,92,82) (S 128,78,79) (S 315,77,76) (S 125,76,77) (S 269,43,37) (S 77,37,42) (S 147,82,92) (D 0,1,1)
0 1 55 75 539.00 7 (D 0,1,1) (S 132,80,82) (S 319,80,79) (S 130,79,81) (S 321,81,80) (S 24,85,85) (D 0,1,1)
0 1 56 73 589.00 6 (D 0,1,1) (S 111,66,67) (S 305,71,70) (S 115,70,71) (S 26,90,90) (D 0,1,1)
0 1 57 120 750.00 6 (D 0,1,1) (S 212,134,136) (S 213,136,137) (S 403,137,136) (S 402,136,134) (D 0,1,1)
0 1 58 105 672.00 5 (D 0,1,1) (S 392,128,3) (S 202,3,128) (S 203,128,129) (D 0,1,1)
0 1 59 81 555.00 7 (D 0,1,1) (S 142,88,90) (S 332,90,88) (S 331,89,88) (S 141,88,89) (S 338,92,84) (D 0,1,1)
0 1 60 82 1051.00 7 (D 0,1,1) (S 40,10,15) (S 225,10,9) (S 35,9,10) (S 14,10,10) (S 19,86,86) (D 0,1,1)
0 1 61 87 633.00 5 (D 0,1,1) (S 353,103,102) (S 341,94,93) (S 339,93,64) (D 0,1,1)
0 1 62 119 1195.00 8 (D 0,1,1) (S 333,91,90) (S 143,90,91) (S 226,11,8) (S 223,8,6) (S 33,6,8) (S 224,9,8) (D 0,1,1)
0 1 63 57 539.00 8 (D 0,1,1) (S 398,133,132) (S 208,132,133) (S 400,135,133) (S 207,131,132) (S 397,132,131) (S 5,122,122) (D 0,1,1)
0 1 64 113 552.00 5 (D 0,1,1) (S 336,92,89) (S 146,89,92) (S 10,81,81) (D 0,1,1)
0 1 65 97 669.00 7 (D 0,1,1) (S 205,126,130) (S 210,133,135) (S 209,133,134) (S 399,134,133) (S 8,133,133) (D 0,1,1)
0 1 66 113 1017.00 6 (D 0,1,1) (S 342,95,94) (S 158,99,100) (S 167,105,106) (S 7,109,109) (D 0,1,1)
0 1 67 93 887.00 8 (D 0,1,1) (S 164,91,103) (S 295,62,57) (S 217,55,140) (S 96,55,56) (S 286,56,55) (S 299,65,56) (D 0,1,1)
0 1 68 111 802.00 6 (D 0,1,1) (S 152,94,95) (S 162,101,102) (S 159,94,100) (S 351,101,66) (D 0,1,1)
0 1 69 119 669.00 6 (D 0,1,1) (S 216,125,138) (S 405,138,131) (S 396,131,126) (S 206,126,131) (D 0,1,1)
0 1 70 111 539.00 8 (D 0,1,1) (S 330,88,86) (S 329,87,86) (S 139,86,87) (S 328,86,85) (S 138,85,86) (S 15,87,87) (D 0,1,1)
0 1 71 64 470.00 4 (D 0,1,1) (S 387,125,123) (S 197,123,125) (D 0,1,1)
0 1 72 90 831.00 5 (D 0,1,1) (S 257,35,34) (S 135,82,84) (S 326,84,83) (D 0,1,1)
0 1 73 56 410.00 4 (D 0,1,1) (S 168,106,107) (S 358,107,106) (D 0,1,1)
0 1 74 91 753.00 7 (D 0,1,1) (S 194,122,123) (S 384,123,122) (S 126,46,77) (S 316,77,46) (S 148,84,92) (D 0,1,1)
0 1 75 105 700.00 8 (D 0,1,1) (S 390,127,126) (S 204,127,129) (S 394,129,127) (S 201,127,128) (S 395,130,126) (S 389,126,124) (D 0,1,1)
0 1 76 94 606.00 4 (D 0,1,1) (S 354,103,91) (S 334,90,68) (D 0,1,1)
0 1 77 87 561.00 7 (D 0,1,1) (S 191,120,121) (S 199,124,126) (S 200,126,127) (S 393,129,128) (S 391,128,127) (D 0,1,1)
0 1 78 68 432.00 6 (D 0,1,1) (S 382,122,121) (S 192,121,122) (S 380,121,118) (S 379,118,91) (D 0,1,1)
0 1 79 97 972.00 8 (D 0,1,1) (S 90,50,51) (S 282,53,52) (S 407,140,55) (S 297,64,63) (S 296,63,62) (S 359,108,107) (D 0,1,1)
0 1 80 115 932.00 5 (D 0,1,1) (S 93,53,140) (S 283,140,53) (S 144,68,90) (D 0,1,1)
0 1 81 88 438.00 6 (D 0,1,1) (S 177,103,113) (S 364,112,110) (S 174,110,112) (S 23,112,112) (D 0,1,1)
0 1 82 117 1089.00 7 (D 0,1,1) (S 145,66,91) (S 263,40,39) (S 262,39,38) (S 72,38,39) (S 73,39,40) (D 0,1,1)
0 1 83 105 647.00 5 (D 0,1,1) (S 385,124,123) (S 195,123,124) (S 215,131,138) (D 0,1,1)
0 1 84 66 729.00 5 (D 0,1,1) (S 367,113,103) (S 95,54,55) (S 285,55,54) (D 0,1,1)
0 1 85 117 629.00 7 (D 0,1,1) (S 362,110,107) (S 357,106,105) (S 352,102,101) (S 163,102,103) (S 189,91,118) (D 0,1,1)
0 1 86 99 604.00 4 (D 0,1,1) (S 196,120,123) (S 388,124,4) (D 0,1,1)
0 1 87 75 576.00 6 (D 0,1,1) (S 134,81,83) (S 323,83,82) (S 322,82,80) (S 386,123,120) (D 0,1,1)
0 1 88 116 674.00 4 (D 0,1,1) (S 361,109,108) (S 175,107,112) (D 0,1,1)
0 1 89 98 830.00 7 (D 0,1,1) (S 376,119,117) (S 302,68,67) (S 304,70,69) (S 114,69,70) (S 287,57,56) (D 0,1,1)
0 1 90 97 453.00 8 (D 0,1,1) (S 183,115,117) (S 187,119,120) (S 190,118,121) (S 381,121,120) (S 377,120,119) (S 374,117,2) (D 0,1,1)
0 1 91 41 359.00 6 (D 0,1,1) (S 370,116,115) (S 166,104,105) (S 356,105,104) (S 2,105,105) (D 0,1,1)
0 1 92 117 612.00 8 (D 0,1,1) (S 378,118,114) (S 178,113,114) (S 173,110,111) (S 363,111,110) (S 172,107,110) (S 169,107,108) (D 0,1,1)
0 1 93 69 332.00 7 (D 0,1,1) (S 368,114,113) (S 366,113,112) (S 176,112,113) (S 365,112,107) (S 179,114,115) (D 0,1,1)
0 1 94 89 430.00 5 (D 0,1,1) (S 375,118,117) (S 184,2,117) (S 186,117,119) (D 0,1,1)
0 1 95 112 643.00 6 (D 0,1,1) (S 193,87,122) (S 383,122,87) (S 140,86,88) (S 185,117,118) (D 0,1,1)
0 1 96 112 572.00 7 (D 0,1,1) (S 360,108,106) (S 170,106,108) (S 371,116,1) (S 181,1,116) (D 0,1,1)
0 1 97 113 526.00 5 (D 0,1,1) (S 188,114,118) (S 372,117,116) (S 369,115,114) (D 0,1,1)
0 1 98 118 665.00 6 (D 0,1,1) (S 335,91,66) (S 373,117,115) (S 180,115,116) (S 182,116,117) (D 0,1,1)