700.00
10
251384806
127327334
0 1 1 27 108.00 9 (D 0,1,1) (S 29,3,4) (S 26,2,12) (S 25,14,20) (S 11,19,19) (S 38,2,1) (D 0,1,1)
0 1 2 14 65.00 7 (D 0,1,1) (S 33,16,17) (S 13,22,22) (S 18,15,20) (S 10,18,18) (D 0,1,1)
0 1 3 21 45.00 6 (D 0,1,1) (S 39,25,26) (S 8,15,15) (S 9,17,17) (D 0,1,1)
0 1 4 22 64.00 7 (D 0,1,1) (S 15,24,24) (S 3,5,5) (S 14,23,23) (S 27,7,11) (D 0,1,1)
0 1 5 27 86.00 8 (D 0,1,1) (S 34,4,10) (S 36,1,3) (S 2,4,4) (S 17,21,23) (D 0,1,1)
0 1 6 18 63.00 7 (D 0,1,1) (S 40,6,7) (S 28,21,22) (S 20,26,27) (S 24,13,15) (D 0,1,1)
0 1 7 22 48.00 6 (D 0,1,1) (S 30,5,6) (S 1,3,3) (S 6,10,10) (D 0,1,1)
0 1 8 19 93.00 7 (D 0,1,1) (S 37,18,21) (S 19,13,14) (S 21,14,18) (D 0,1,1)
0 1 9 21 48.00 6 (D 0,1,1) (S 32,4,6) (S 16,27,27) (S 41,3,6) (S 5,8,8) (D 0,1,1)
0 1 10 20 66.00 6 (D 0,1,1) (S 22,12,13) (S 12,21,21) (S 23,22,23) (S 35,20,21) (D 0,1,1)