45075.00
26
118797021
116546672
0 1 1 658 741.00 3 (D 0,1,1) (S 22,10,11) (D 0,1,1)
0 1 2 973 1862.00 10 (D 0,1,1) (S 81,46,47) (S 67,37,38) (S 85,52,53) (S 47,26,27) (S 71,38,51) (S 98,50,49) (S 10,50,50) (S 8,39,39) (D 0,1,1)
0 1 3 1222 2005.00 8 (D 0,1,1) (S 82,48,49) (S 83,50,51) (S 70,38,50) (S 92,25,24) (S 97,49,50) (S 96,47,48) (D 0,1,1)
0 1 4 1469 2210.00 7 (D 0,1,1) (S 31,16,28) (S 51,28,41) (S 75,40,52) (S 94,40,26) (S 93,35,22) (D 0,1,1)
0 1 5 1326 2177.00 8 (D 0,1,1) (S 45,24,38) (S 76,40,53) (S 30,15,16) (S 21,9,16) (S 87,9,8) (S 3,25,25) (D 0,1,1)
0 1 6 1111 1810.00 5 (D 0,1,1) (S 77,41,53) (S 72,39,40) (S 49,27,28) (D 0,1,1)
0 1 7 1157 2225.00 12 (D 0,1,1) (S 62,34,46) (S 24,11,18) (S 34,18,19) (S 80,44,45) (S 63,35,36) (S 65,36,48) (S 91,21,22) (S 90,20,21) (S 6,33,33) (S 7,35,35) (D 0,1,1)
0 1 8 1438 1903.00 7 (D 0,1,1) (S 32,17,18) (S 61,34,35) (S 39,21,34) (S 95,46,45) (S 9,45,45) (D 0,1,1)
0 1 9 1323 2027.00 6 (D 0,1,1) (S 18,5,14) (S 42,23,24) (S 20,7,25) (S 86,7,8) (D 0,1,1)
0 1 10 1386 1962.00 5 (D 0,1,1) (S 69,38,39) (S 73,39,51) (S 48,26,39) (D 0,1,1)
0 1 11 1192 1641.00 6 (D 0,1,1) (S 55,30,43) (S 54,30,31) (S 59,33,34) (S 79,43,44) (D 0,1,1)
0 1 12 1350 2035.00 6 (D 0,1,1) (S 50,27,40) (S 44,24,37) (S 68,37,49) (S 78,42,43) (D 0,1,1)
0 1 13 1328 1761.00 8 (D 0,1,1) (S 15,3,12) (S 26,12,13) (S 11,1,10) (S 88,11,2) (S 2,17,17) (D 0,1,1)
0 1 14 1211 1715.00 7 (D 0,1,1) (S 60,33,45) (S 36,19,31) (S 27,12,19) (S 5,32,32) (S 4,29,29) (D 0,1,1)
0 1 15 1072 1443.00 5 (D 0,1,1) (S 16,4,5) (S 17,5,6) (S 1,6,6) (D 0,1,1)
0 1 16 1132 1439.00 5 (D 0,1,1) (S 28,13,20) (S 38,20,33) (S 89,12,11) (D 0,1,1)
0 1 17 1390 2067.00 7 (D 0,1,1) (S 13,2,3) (S 53,29,42) (S 35,19,20) (S 40,22,23) (S 58,32,44) (D 0,1,1)
0 1 18 1081 1578.00 4 (D 0,1,1) (S 46,25,38) (S 19,6,7) (D 0,1,1)
0 1 19 976 1284.00 4 (D 0,1,1) (S 37,20,32) (S 56,31,44) (D 0,1,1)
0 1 20 1354 1940.00 4 (D 0,1,1) (S 84,51,52) (S 74,40,41) (D 0,1,1)
0 1 21 1234 1666.00 4 (D 0,1,1) (S 41,22,36) (S 66,36,49) (D 0,1,1)
0 1 22 1333 1751.00 4 (D 0,1,1) (S 29,14,22) (S 64,36,37) (D 0,1,1)
0 1 23 1087 1252.00 4 (D 0,1,1) (S 12,1,11) (S 25,11,19) (D 0,1,1)
0 1 24 1144 1462.00 4 (D 0,1,1) (S 57,32,33) (S 52,29,30) (D 0,1,1)
0 1 25 1204 1398.00 4 (D 0,1,1) (S 33,17,29) (S 23,10,17) (D 0,1,1)
0 1 26 1306 1721.00 4 (D 0,1,1) (S 14,3,4) (S 43,23,36) (D 0,1,1)