834.00
10
342671078
273658291
0 1 1 27 93.00 10 (D 0,1,1) (S 7,15,15) (S 12,23,23) (S 26,3,6) (S 30,21,25) (S 34,22,25) (D 0,1,1)
0 1 2 22 79.00 7 (D 0,1,1) (S 14,26,26) (S 37,3,8) (S 13,25,25) (S 33,10,11) (D 0,1,1)
0 1 3 26 90.00 9 (D 0,1,1) (S 42,22,23) (S 4,7,7) (S 8,16,16) (S 44,6,10) (S 15,27,27) (D 0,1,1)
0 1 4 25 85.00 7 (D 0,1,1) (S 40,2,12) (S 2,4,4) (S 46,5,9) (S 31,6,8) (D 0,1,1)
0 1 5 23 97.00 10 (D 0,1,1) (S 39,15,20) (S 3,5,5) (S 17,23,26) (S 28,2,1) (S 24,1,17) (D 0,1,1)
0 1 6 25 47.00 5 (D 0,1,1) (S 21,18,25) (S 23,4,5) (S 18,6,9) (D 0,1,1)
0 1 7 16 94.00 8 (D 0,1,1) (S 43,12,13) (S 27,21,23) (S 6,14,14) (S 36,14,20) (D 0,1,1)
0 1 8 19 65.00 7 (D 0,1,1) (S 20,14,18) (S 11,21,21) (S 29,13,15) (S 16,6,7) (D 0,1,1)
0 1 9 17 88.00 7 (D 0,1,1) (S 41,3,4) (S 35,1,24) (S 38,4,10) (S 19,20,21) (D 0,1,1)
0 1 10 20 93.00 8 (D 0,1,1) (S 45,13,14) (S 22,24,27) (S 25,1,15) (S 5,8,8) (D 0,1,1)