1003.00
8
235501593
186763852
0 1 1 27 122.00 7 (D 0,1,1) (S 33,5,11) (S 27,11,5) (S 21,11,15) (S 2,3,3) (S 36,15,16) (D 0,1,1)
0 1 2 40 83.00 4 (D 0,1,1) (S 10,19,19) (S 15,17,18) (D 0,1,1)
0 1 3 40 155.00 8 (D 0,1,1) (S 40,9,3) (S 25,23,22) (S 28,8,7) (S 22,12,13) (S 20,9,10) (S 18,1,2) (D 0,1,1)
0 1 4 28 100.00 7 (D 0,1,1) (S 42,13,17) (S 31,14,18) (S 19,20,21) (S 38,24,21) (S 35,12,11) (D 0,1,1)
0 1 5 32 130.00 7 (D 0,1,1) (S 17,8,14) (S 23,12,6) (S 34,18,14) (S 43,10,11) (S 8,14,14) (D 0,1,1)
0 1 6 21 142.00 7 (D 0,1,1) (S 30,15,21) (S 1,2,2) (S 26,21,15) (S 39,17,13) (S 24,10,20) (D 0,1,1)
0 1 7 39 112.00 7 (D 0,1,1) (S 14,23,23) (S 32,11,10) (S 7,9,9) (S 12,21,21) (S 3,4,4) (D 0,1,1)
0 1 8 32 138.00 8 (D 0,1,1) (S 5,6,6) (S 29,24,23) (S 13,22,22) (S 6,7,7) (S 16,3,4) (D 0,1,1)