793.00
7
67437440
22047334
0 1 1 24 141.00 6 (D 0,1,1) (S 13,12,13) (S 12,11,13) (S 2,13,13) (S 3,11,11) (D 0,1,1)
0 1 2 25 131.00 5 (D 0,1,1) (S 9,8,9) (S 19,9,13) (S 20,11,12) (D 0,1,1)
0 1 3 27 121.00 5 (D 0,1,1) (S 11,5,10) (S 1,7,7) (S 5,8,8) (D 0,1,1)
0 1 4 9 73.00 5 (D 0,1,1) (S 7,2,6) (S 14,1,5) (D 0,1,1)
0 1 5 24 48.00 4 (D 0,1,1) (S 15,2,3) (S 4,3,3) (D 0,1,1)
0 1 6 34 151.00 6 (D 0,1,1) (S 6,1,3) (S 8,3,6) (S 17,6,10) (S 18,8,12) (D 0,1,1)
0 1 7 24 128.00 4 (D 0,1,1) (S 10,4,11) (S 16,4,10) (D 0,1,1)