1270.00
10
85662931
84912273
0 1 1 42 153.00 9 (D 0,1,1) (S 18,4,13) (S 31,15,16) (S 36,10,5) (S 51,30,29) (S 56,12,18) (S 14,23,23) (D 0,1,1)
0 1 2 40 126.00 9 (D 0,1,1) (S 29,23,25) (S 22,3,4) (S 37,19,18) (S 55,15,14) (S 33,11,6) (S 2,5,5) (D 0,1,1)
0 1 3 41 112.00 12 (D 0,1,1) (S 28,29,31) (S 19,1,31) (S 40,1,30) (S 39,7,8) (S 38,29,28) (S 8,14,14) (D 0,1,1)
0 1 4 47 133.00 8 (D 0,1,1) (S 24,13,19) (S 20,9,13) (S 43,3,2) (S 52,29,30) (S 15,25,25) (D 0,1,1)
0 1 5 26 90.00 9 (D 0,1,1) (S 23,3,9) (S 47,4,9) (S 57,12,13) (S 59,2,1) (S 16,27,27) (S 3,6,6) (D 0,1,1)
0 1 6 48 123.00 9 (D 0,1,1) (S 25,24,27) (S 44,6,5) (S 46,17,11) (S 45,10,16) (S 6,10,10) (S 4,7,7) (D 0,1,1)
0 1 7 44 139.00 11 (D 0,1,1) (S 26,1,7) (S 49,30,1) (S 50,23,26) (S 32,13,12) (S 9,16,16) (S 17,28,28) (D 0,1,1)
0 1 8 40 129.00 7 (D 0,1,1) (S 21,26,27) (S 54,18,12) (S 58,9,4) (S 53,18,21) (S 5,8,8) (D 0,1,1)
0 1 9 47 119.00 9 (D 0,1,1) (S 27,6,31) (S 42,21,18) (S 35,5,10) (S 60,31,5) (S 7,11,11) (S 1,2,2) (D 0,1,1)
0 1 10 36 146.00 8 (D 0,1,1) (S 30,21,22) (S 41,12,11) (S 48,14,10) (S 34,26,28) (S 11,18,18) (S 10,17,17) (D 0,1,1)