593.00
10
395296384
189050982
0 1 1 21 63.00 5 (D 0,1,1) (S 34,26,27) (S 9,19,19) (S 31,21,23) (D 0,1,1)
0 1 2 27 64.00 4 (D 0,1,1) (S 7,14,14) (S 27,1,3) (D 0,1,1)
0 1 3 20 66.00 7 (D 0,1,1) (S 38,18,25) (S 25,14,16) (S 11,21,21) (S 5,8,8) (S 8,16,16) (D 0,1,1)
0 1 4 19 58.00 8 (D 0,1,1) (S 17,1,24) (S 29,12,13) (S 18,1,17) (S 4,7,7) (S 12,25,25) (D 0,1,1)
0 1 5 22 61.00 7 (D 0,1,1) (S 36,4,12) (S 37,4,6) (S 40,23,26) (S 26,23,24) (D 0,1,1)
0 1 6 12 90.00 7 (D 0,1,1) (S 6,10,10) (S 16,13,14) (S 2,5,5) (S 20,3,6) (D 0,1,1)
0 1 7 19 33.00 7 (D 0,1,1) (S 33,15,20) (S 22,1,15) (S 23,8,9) (S 45,15,17) (D 0,1,1)
0 1 8 24 62.00 7 (D 0,1,1) (S 35,6,10) (S 10,20,20) (S 14,3,8) (D 0,1,1)
0 1 9 21 50.00 6 (D 0,1,1) (S 41,2,1) (S 19,4,10) (S 24,5,6) (S 39,22,23) (D 0,1,1)
0 1 10 18 38.00 7 (D 0,1,1) (S 13,27,27) (S 21,22,25) (S 28,12,19) (S 15,2,12) (D 0,1,1)