19278.00
27
2956887808
2065891072
0 1 1 103 545.00 3 (D 0,1,1) (S 100,108,109) (D 0,1,1)
0 1 2 142 1200.00 7 (D 0,1,1) (S 43,8,9) (S 42,6,8) (S 41,5,6) (S 5,5,5) (S 32,6,6) (D 0,1,1)
0 1 3 133 1078.00 9 (D 0,1,1) (S 67,33,139) (S 46,12,13) (S 47,13,14) (S 14,13,13) (S 31,16,16) (S 28,10,10) (S 34,15,15) (D 0,1,1)
0 1 4 89 1045.00 8 (D 0,1,1) (S 56,11,33) (S 55,30,32) (S 54,28,30) (S 53,28,29) (S 52,27,28) (S 39,29,29) (D 0,1,1)
0 1 5 132 1119.00 6 (D 0,1,1) (S 44,8,11) (S 50,24,25) (S 21,25,25) (S 24,139,139) (D 0,1,1)
0 1 6 137 1054.00 7 (D 0,1,1) (S 45,11,12) (S 48,20,22) (S 7,20,20) (S 15,11,11) (S 2,48,48) (D 0,1,1)
0 1 7 137 1053.00 6 (D 0,1,1) (S 115,11,27) (S 51,25,27) (S 19,30,30) (S 11,61,61) (D 0,1,1)
0 1 8 42 492.00 5 (D 0,1,1) (S 77,67,68) (S 78,67,69) (S 40,70,70) (D 0,1,1)
0 1 9 147 992.00 7 (D 0,1,1) (S 82,44,73) (S 57,34,139) (S 69,49,140) (S 68,48,49) (S 6,49,49) (D 0,1,1)
0 1 10 55 487.00 4 (D 0,1,1) (S 84,77,78) (S 37,78,78) (D 0,1,1)
0 1 11 103 723.00 6 (D 0,1,1) (S 86,79,80) (S 59,36,38) (S 58,36,37) (S 10,37,37) (D 0,1,1)
0 1 12 75 626.00 7 (D 0,1,1) (S 79,69,71) (S 80,71,72) (S 81,72,73) (S 83,46,77) (S 35,76,76) (D 0,1,1)
0 1 13 68 586.00 6 (D 0,1,1) (S 85,78,79) (S 66,43,46) (S 16,42,42) (S 13,80,80) (D 0,1,1)
0 1 14 93 761.00 7 (D 0,1,1) (S 88,82,84) (S 60,38,39) (S 61,39,40) (S 4,38,38) (S 1,36,36) (D 0,1,1)
0 1 15 135 1047.00 9 (D 0,1,1) (S 63,43,44) (S 64,44,45) (S 65,34,45) (S 49,20,24) (S 87,80,82) (S 9,82,82) (S 26,84,84) (D 0,1,1)
0 1 16 124 689.00 7 (D 0,1,1) (S 89,84,85) (S 62,37,43) (S 18,46,46) (S 33,43,43) (S 25,92,92) (D 0,1,1)
0 1 17 65 432.00 6 (D 0,1,1) (S 90,85,86) (S 91,86,87) (S 23,88,88) (S 8,103,103) (D 0,1,1)
0 1 18 146 622.00 7 (D 0,1,1) (S 112,124,126) (S 17,134,134) (S 27,135,135) (S 3,125,125) (S 29,124,124) (D 0,1,1)
0 1 19 36 286.00 4 (D 0,1,1) (S 98,106,107) (S 101,107,110) (D 0,1,1)
0 1 20 75 583.00 6 (D 0,1,1) (S 73,63,64) (S 74,64,65) (S 75,62,66) (S 38,118,118) (D 0,1,1)
0 1 21 49 235.00 5 (D 0,1,1) (S 104,107,112) (S 105,112,113) (S 12,113,113) (D 0,1,1)
0 1 22 93 760.00 7 (D 0,1,1) (S 99,107,108) (S 114,55,140) (S 71,55,56) (S 70,54,55) (S 20,54,54) (D 0,1,1)
0 1 23 83 389.00 7 (D 0,1,1) (S 96,104,105) (S 102,110,111) (S 103,110,112) (S 106,113,114) (S 30,114,114) (D 0,1,1)
0 1 24 91 896.00 6 (D 0,1,1) (S 97,105,106) (S 92,95,96) (S 76,66,67) (S 113,126,130) (D 0,1,1)
0 1 25 40 194.00 4 (D 0,1,1) (S 109,2,117) (S 110,117,119) (D 0,1,1)
0 1 26 112 634.00 6 (D 0,1,1) (S 111,114,118) (S 72,62,63) (S 22,62,62) (S 36,64,64) (D 0,1,1)
0 1 27 78 750.00 8 (D 0,1,1) (S 95,102,104) (S 94,97,98) (S 93,96,97) (S 108,116,117) (S 107,1,116) (D 0,1,1)