358.00
7
222866022
163713894
0 1 1 17 60.00 8 (D 0,1,1) (S 34,12,6) (S 13,22,22) (S 15,16,17) (S 22,5,10) (S 1,3,3) (D 0,1,1)
0 1 2 19 55.00 6 (D 0,1,1) (S 4,7,7) (S 31,23,24) (S 3,5,5) (S 24,22,19) (D 0,1,1)
0 1 3 20 51.00 6 (D 0,1,1) (S 10,15,15) (S 8,11,11) (S 35,13,14) (S 20,14,18) (D 0,1,1)
0 1 4 11 44.00 7 (D 0,1,1) (S 16,13,17) (S 29,19,20) (S 28,13,12) (S 27,6,12) (S 38,4,2) (D 0,1,1)
0 1 5 19 50.00 7 (D 0,1,1) (S 6,9,9) (S 33,21,20) (S 23,10,11) (S 18,9,10) (S 14,6,7) (D 0,1,1)
0 1 6 19 43.00 6 (D 0,1,1) (S 17,3,4) (S 5,8,8) (S 7,10,10) (S 26,17,18) (D 0,1,1)
0 1 7 11 51.00 7 (D 0,1,1) (S 37,2,4) (S 12,18,18) (S 30,20,23) (S 36,5,6) (S 25,9,3) (D 0,1,1)