897.00
8
317566592
231263513
0 1 1 41 132.00 11 (D 0,1,1) (S 2,3,3) (S 38,11,1) (S 51,2,10) (S 16,1,20) (S 25,5,6) (D 0,1,1)
0 1 2 44 103.00 10 (D 0,1,1) (S 18,6,11) (S 31,16,17) (S 4,8,8) (S 21,23,24) (S 23,13,14) (S 26,7,6) (D 0,1,1)
0 1 3 38 94.00 9 (D 0,1,1) (S 24,3,4) (S 32,2,4) (S 6,12,12) (S 43,6,5) (S 33,17,12) (S 29,12,17) (D 0,1,1)
0 1 4 29 110.00 10 (D 0,1,1) (S 11,17,17) (S 47,1,9) (S 44,17,13) (S 5,9,9) (S 49,18,17) (S 46,21,15) (D 0,1,1)
0 1 5 43 76.00 7 (D 0,1,1) (S 22,21,23) (S 12,22,22) (S 45,19,22) (S 48,5,4) (S 40,19,9) (D 0,1,1)
0 1 6 45 126.00 10 (D 0,1,1) (S 37,24,21) (S 3,5,5) (S 7,13,13) (S 19,7,8) (S 1,2,2) (S 14,1,5) (D 0,1,1)
0 1 7 37 113.00 8 (D 0,1,1) (S 28,10,2) (S 35,20,15) (S 36,17,16) (S 27,19,20) (S 15,14,18) (S 50,21,24) (D 0,1,1)
0 1 8 41 156.00 9 (D 0,1,1) (S 9,15,15) (S 41,20,21) (S 30,4,5) (S 39,1,19) (S 10,16,16) (D 0,1,1)