29600.00
15
76190944
74029564
0 1 1 439 561.00 3 (D 0,1,1) (S 17,20,20) (D 0,1,1)
0 1 2 1082 1899.00 8 (D 0,1,1) (S 71,42,43) (S 72,43,36) (S 59,27,19) (S 16,19,19) (S 23,26,26) (S 31,35,35) (D 0,1,1)
0 1 3 1769 2646.00 9 (D 0,1,1) (S 51,15,16) (S 52,19,18) (S 57,25,34) (S 65,33,32) (S 70,41,40) (S 20,23,23) (S 19,22,22) (D 0,1,1)
0 1 4 1433 2396.00 11 (D 0,1,1) (S 40,22,31) (S 50,15,14) (S 64,33,24) (S 54,22,23) (S 62,30,31) (S 28,31,31) (S 34,39,39) (S 33,38,38) (S 27,30,30) (D 0,1,1)
0 1 5 1705 2310.00 6 (D 0,1,1) (S 6,8,8) (S 32,36,36) (S 24,27,27) (S 14,17,17) (D 0,1,1)
0 1 6 697 1017.00 4 (D 0,1,1) (S 43,5,4) (S 3,5,5) (D 0,1,1)
0 1 7 1708 2467.00 7 (D 0,1,1) (S 55,24,33) (S 66,33,34) (S 37,42,42) (S 36,41,41) (S 15,18,18) (D 0,1,1)
0 1 8 1122 1858.00 7 (D 0,1,1) (S 73,43,42) (S 69,41,33) (S 21,24,24) (S 2,4,4) (S 1,2,2) (D 0,1,1)
0 1 9 1519 2212.00 7 (D 0,1,1) (S 63,31,30) (S 61,29,30) (S 60,29,28) (S 10,12,12) (S 18,21,21) (D 0,1,1)
0 1 10 887 1307.00 4 (D 0,1,1) (S 7,9,9) (S 5,7,7) (D 0,1,1)
0 1 11 1919 2647.00 9 (D 0,1,1) (S 49,11,20) (S 68,37,28) (S 53,20,28) (S 25,28,28) (S 35,40,40) (S 12,15,15) (S 29,32,32) (D 0,1,1)
0 1 12 1270 2105.00 8 (D 0,1,1) (S 48,11,12) (S 44,5,6) (S 46,6,16) (S 58,26,18) (S 47,8,10) (S 8,10,10) (D 0,1,1)
0 1 13 877 1334.00 7 (D 0,1,1) (S 39,2,12) (S 42,2,1) (S 9,11,11) (S 26,29,29) (D 0,1,1)
0 1 14 1667 2280.00 7 (D 0,1,1) (S 41,1,11) (S 45,6,5) (S 4,6,6) (S 13,16,16) (S 30,33,33) (D 0,1,1)
0 1 15 1829 2561.00 7 (D 0,1,1) (S 56,25,26) (S 67,36,43) (S 38,43,43) (S 22,25,25) (S 11,13,13) (D 0,1,1)