275.00
10
283390464
68497049
0 1 1 26 34.00 4 (D 0,1,1) (S 1,2,2) (S 9,10,10) (D 0,1,1)
0 1 2 16 24.00 9 (D 0,1,1) (S 3,4,4) (S 46,3,6) (S 34,3,11) (S 13,1,11) (S 21,4,9) (D 0,1,1)
0 1 3 27 36.00 7 (D 0,1,1) (S 6,7,7) (S 11,8,9) (S 39,2,7) (S 40,8,11) (D 0,1,1)
0 1 4 27 34.00 8 (D 0,1,1) (S 14,5,8) (S 23,4,6) (S 2,3,3) (S 44,1,6) (D 0,1,1)
0 1 5 22 21.00 9 (D 0,1,1) (S 15,2,9) (S 27,4,5) (S 26,1,3) (S 35,7,11) (S 12,6,8) (D 0,1,1)
0 1 6 26 31.00 9 (D 0,1,1) (S 42,4,7) (S 30,2,3) (S 4,5,5) (S 19,10,11) (S 37,9,10) (D 0,1,1)
0 1 7 22 35.00 7 (D 0,1,1) (S 43,5,9) (S 33,2,6) (S 45,1,7) (S 38,1,8) (D 0,1,1)
0 1 8 18 11.00 8 (D 0,1,1) (S 20,5,6) (S 36,6,10) (S 10,3,9) (S 24,3,8) (D 0,1,1)
0 1 9 17 23.00 7 (D 0,1,1) (S 28,6,9) (S 16,5,7) (S 47,4,11) (S 41,1,4) (D 0,1,1)
0 1 10 26 34.00 6 (D 0,1,1) (S 8,9,9) (S 32,1,5) (S 22,2,11) (S 5,6,6) (D 0,1,1)