1799.00
9
131523268
130753022
0 1 1 56 217.00 17 (D 0,1,1) (S 40,3,7) (S 29,26,27) (S 52,30,31) (S 62,31,37) (S 70,40,1) (S 54,21,22) (S 6,8,8) (S 17,22,22) (S 8,11,11) (D 0,1,1)
0 1 2 59 186.00 14 (D 0,1,1) (S 36,29,36) (S 35,13,19) (S 66,9,10) (S 79,9,8) (S 59,34,35) (S 46,11,1) (S 20,28,28) (S 25,36,36) (D 0,1,1)
0 1 3 53 181.00 17 (D 0,1,1) (S 32,35,36) (S 33,33,34) (S 74,1,2) (S 63,16,10) (S 44,39,5) (S 64,2,1) (S 13,17,17) (S 10,14,14) (S 12,16,16) (D 0,1,1)
0 1 4 59 234.00 18 (D 0,1,1) (S 34,8,14) (S 31,27,34) (S 75,12,11) (S 49,35,34) (S 47,37,30) (S 57,1,40) (S 2,4,4) (S 11,15,15) (S 21,31,31) (D 0,1,1)
0 1 5 61 235.00 15 (D 0,1,1) (S 43,29,30) (S 37,23,24) (S 76,10,9) (S 61,3,4) (S 45,18,17) (S 68,2,3) (S 4,6,6) (S 7,10,10) (S 16,21,21) (D 0,1,1)
0 1 6 63 218.00 13 (D 0,1,1) (S 41,22,25) (S 28,31,38) (S 60,39,38) (S 65,37,3) (S 71,26,33) (S 53,21,20) (S 5,7,7) (S 22,32,32) (S 9,12,12) (D 0,1,1)
0 1 7 64 235.00 14 (D 0,1,1) (S 30,32,39) (S 39,26,34) (S 78,38,39) (S 55,15,16) (S 56,24,21) (S 50,1,8) (S 24,35,35) (D 0,1,1)
0 1 8 61 142.00 10 (D 0,1,1) (S 42,1,6) (S 51,13,18) (S 48,2,6) (S 58,11,12) (S 69,20,17) (S 77,7,6) (S 14,18,18) (D 0,1,1)
0 1 9 41 151.00 12 (D 0,1,1) (S 38,2,36) (S 67,8,9) (S 80,18,13) (S 72,6,2) (S 73,37,36) (S 18,24,24) (S 27,38,38) (S 26,37,37) (D 0,1,1)