371.00
7
324511129
267610470
0 1 1 17 59.00 8 (D 0,1,1) (S 5,8,8) (S 40,18,17) (S 23,22,23) (S 8,11,11) (S 37,13,14) (D 0,1,1)
0 1 2 16 58.00 9 (D 0,1,1) (S 19,6,7) (S 9,15,15) (S 12,21,21) (S 16,15,21) (S 30,6,12) (S 3,4,4) (D 0,1,1)
0 1 3 15 55.00 7 (D 0,1,1) (S 24,13,17) (S 14,16,17) (S 36,11,12) (S 32,7,8) (S 18,9,10) (D 0,1,1)
0 1 4 17 43.00 6 (D 0,1,1) (S 27,16,15) (S 35,21,20) (S 31,22,19) (S 13,3,4) (D 0,1,1)
0 1 5 11 55.00 8 (D 0,1,1) (S 10,17,17) (S 6,9,9) (S 41,16,12) (S 1,2,2) (S 26,23,24) (S 33,12,11) (D 0,1,1)
0 1 6 19 63.00 7 (D 0,1,1) (S 39,20,23) (S 15,9,19) (S 29,12,6) (S 21,14,18) (S 34,4,5) (D 0,1,1)
0 1 7 9 27.00 7 (D 0,1,1) (S 38,12,13) (S 11,19,19) (S 28,23,20) (S 25,13,12) (S 2,3,3) (D 0,1,1)