891.00
8
281369088
50979353
0 1 1 45 145.00 12 (D 0,1,1) (S 46,17,18) (S 15,7,8) (S 48,20,15) (S 35,6,5) (S 19,3,4) (S 33,10,2) (D 0,1,1)
0 1 2 25 74.00 8 (D 0,1,1) (S 38,17,16) (S 37,16,17) (S 36,11,1) (S 4,5,5) (S 32,12,17) (S 34,7,6) (D 0,1,1)
0 1 3 45 148.00 9 (D 0,1,1) (S 6,9,9) (S 23,5,11) (S 8,12,12) (S 21,21,23) (S 17,7,13) (D 0,1,1)
0 1 4 44 96.00 6 (D 0,1,1) (S 25,6,11) (S 9,15,15) (S 30,19,22) (S 45,5,6) (D 0,1,1)
0 1 5 32 98.00 9 (D 0,1,1) (S 41,17,12) (S 11,17,17) (S 12,18,18) (S 39,9,19) (S 14,24,24) (S 24,13,14) (D 0,1,1)
0 1 6 42 78.00 9 (D 0,1,1) (S 43,1,19) (S 18,22,23) (S 1,2,2) (S 28,21,24) (D 0,1,1)
0 1 7 45 134.00 10 (D 0,1,1) (S 2,3,3) (S 27,2,4) (S 40,21,15) (S 31,15,21) (S 7,11,11) (S 5,6,6) (D 0,1,1)
0 1 8 45 133.00 8 (D 0,1,1) (S 22,3,10) (S 10,16,16) (S 3,4,4) (S 20,14,18) (S 13,20,20) (D 0,1,1)