802.00
8
251783884
107968000
0 1 1 40 107.00 7 (D 0,1,1) (S 30,1,11) (S 6,7,7) (S 31,20,15) (S 35,9,19) (D 0,1,1)
0 1 2 44 109.00 7 (D 0,1,1) (S 12,19,19) (S 8,11,11) (S 39,15,20) (D 0,1,1)
0 1 3 42 120.00 8 (D 0,1,1) (S 2,3,3) (S 25,24,21) (S 1,2,2) (S 38,10,2) (D 0,1,1)
0 1 4 38 102.00 7 (D 0,1,1) (S 37,21,24) (S 13,21,21) (S 14,22,22) (S 21,23,24) (D 0,1,1)
0 1 5 26 86.00 9 (D 0,1,1) (S 3,4,4) (S 29,8,14) (S 7,9,9) (S 34,16,15) (S 20,14,18) (D 0,1,1)
0 1 6 23 86.00 9 (D 0,1,1) (S 27,6,5) (S 18,12,16) (S 11,18,18) (S 24,13,17) (S 26,12,11) (D 0,1,1)
0 1 7 29 113.00 8 (D 0,1,1) (S 40,15,21) (S 15,6,12) (S 9,14,14) (S 36,2,4) (S 23,16,17) (D 0,1,1)
0 1 8 43 117.00 6 (D 0,1,1) (S 10,17,17) (S 4,5,5) (S 32,12,17) (S 5,6,6) (D 0,1,1)