1033.00
10
495923276
152143667
0 1 1 47 118.00 8 (D 0,1,1) (S 27,3,9) (S 38,9,4) (S 6,7,7) (S 42,15,14) (S 23,8,12) (D 0,1,1)
0 1 2 50 104.00 9 (D 0,1,1) (S 17,23,23) (S 39,14,15) (S 53,29,28) (S 11,16,16) (S 10,13,13) (D 0,1,1)
0 1 3 30 80.00 11 (D 0,1,1) (S 36,10,16) (S 32,27,29) (S 52,14,10) (S 13,18,18) (S 50,4,9) (S 43,1,2) (D 0,1,1)
0 1 4 50 89.00 8 (D 0,1,1) (S 22,31,31) (S 15,20,20) (S 30,21,22) (S 29,8,9) (S 24,9,13) (D 0,1,1)
0 1 5 31 69.00 9 (D 0,1,1) (S 55,12,11) (S 57,5,31) (S 49,12,18) (S 18,26,26) (S 56,5,6) (S 35,19,18) (D 0,1,1)
0 1 6 44 108.00 9 (D 0,1,1) (S 26,23,25) (S 3,4,4) (S 44,10,14) (S 40,2,3) (S 14,19,19) (D 0,1,1)
0 1 7 40 172.00 11 (D 0,1,1) (S 48,18,19) (S 4,5,5) (S 8,11,11) (S 33,24,27) (S 34,15,16) (S 1,2,2) (D 0,1,1)
0 1 8 39 127.00 9 (D 0,1,1) (S 45,31,5) (S 5,6,6) (S 58,17,16) (S 7,10,10) (S 51,11,6) (S 19,28,28) (D 0,1,1)
0 1 9 36 73.00 7 (D 0,1,1) (S 54,3,2) (S 37,2,1) (S 2,3,3) (S 20,29,29) (S 41,19,22) (D 0,1,1)
0 1 10 40 90.00 6 (D 0,1,1) (S 47,7,8) (S 46,25,28) (S 28,29,31) (S 31,6,31) (D 0,1,1)