1753.00
9
468493849
353703705
0 1 1 55 139.00 9 (D 0,1,1) (S 26,24,28) (S 75,7,12) (S 57,30,29) (S 13,22,22) (S 6,9,9) (S 70,29,28) (D 0,1,1)
0 1 2 60 188.00 10 (D 0,1,1) (S 52,13,8) (S 55,29,22) (S 43,4,5) (S 64,15,8) (S 65,14,17) (S 50,11,12) (S 74,29,21) (S 40,23,22) (D 0,1,1)
0 1 3 54 192.00 11 (D 0,1,1) (S 67,2,3) (S 48,14,13) (S 24,5,8) (S 66,13,16) (S 28,10,19) (S 68,22,29) (S 41,8,13) (S 72,9,2) (S 51,3,2) (D 0,1,1)
0 1 4 55 212.00 12 (D 0,1,1) (S 21,20,24) (S 25,3,10) (S 18,1,8) (S 38,15,9) (S 56,17,14) (S 45,10,9) (S 71,9,10) (S 19,16,21) (S 2,4,4) (D 0,1,1)
0 1 5 47 215.00 11 (D 0,1,1) (S 63,21,22) (S 4,7,7) (S 30,14,15) (S 35,4,6) (S 53,8,14) (S 37,18,19) (S 1,2,2) (S 49,7,6) (S 61,20,16) (D 0,1,1)
0 1 6 62 177.00 10 (D 0,1,1) (S 33,15,19) (S 76,25,30) (S 78,22,21) (S 17,12,13) (S 5,8,8) (S 8,11,11) (S 27,21,28) (S 60,23,18) (D 0,1,1)
0 1 7 40 235.00 10 (D 0,1,1) (S 59,20,21) (S 54,18,15) (S 46,12,16) (S 73,21,24) (S 47,14,8) (S 77,30,25) (S 16,30,30) (S 62,29,30) (D 0,1,1)
0 1 8 57 192.00 10 (D 0,1,1) (S 44,16,13) (S 69,12,11) (S 11,20,20) (S 32,27,28) (S 39,21,29) (S 3,6,6) (S 12,21,21) (S 31,17,22) (D 0,1,1)
0 1 9 62 178.00 10 (D 0,1,1) (S 7,10,10) (S 42,25,29) (S 23,24,27) (S 22,1,5) (S 15,28,28) (S 20,11,20) (S 14,26,26) (D 0,1,1)