1097.00
10
497793408
351110502
0 1 1 41 122.00 11 (D 0,1,1) (S 32,29,31) (S 35,19,22) (S 54,13,12) (S 2,3,3) (S 44,9,4) (S 5,6,6) (S 20,3,4) (D 0,1,1)
0 1 2 49 99.00 7 (D 0,1,1) (S 43,5,6) (S 62,17,11) (S 1,2,2) (S 7,8,8) (S 15,26,26) (D 0,1,1)
0 1 3 43 125.00 10 (D 0,1,1) (S 33,9,13) (S 55,17,16) (S 26,4,13) (S 30,10,11) (S 42,11,6) (S 24,24,27) (D 0,1,1)
0 1 4 47 83.00 11 (D 0,1,1) (S 29,8,12) (S 40,6,11) (S 36,1,30) (S 53,21,18) (S 6,7,7) (S 27,1,31) (D 0,1,1)
0 1 5 24 110.00 10 (D 0,1,1) (S 4,5,5) (S 28,28,31) (S 57,31,5) (S 50,2,3) (S 46,11,12) (S 64,29,30) (D 0,1,1)
0 1 6 47 107.00 11 (D 0,1,1) (S 8,12,12) (S 18,13,19) (S 34,5,10) (S 14,25,25) (S 22,20,22) (S 39,14,10) (D 0,1,1)
0 1 7 45 98.00 8 (D 0,1,1) (S 16,27,27) (S 52,7,8) (S 10,15,15) (S 21,23,24) (S 48,10,5) (D 0,1,1)
0 1 8 35 107.00 11 (D 0,1,1) (S 25,23,25) (S 38,7,6) (S 60,15,14) (S 49,12,11) (S 41,28,26) (S 9,14,14) (D 0,1,1)
0 1 9 27 72.00 8 (D 0,1,1) (S 51,18,12) (S 56,12,18) (S 11,16,16) (S 45,10,14) (S 58,10,16) (S 3,4,4) (D 0,1,1)
0 1 10 46 160.00 12 (D 0,1,1) (S 47,3,2) (S 61,1,2) (S 23,19,21) (S 13,19,19) (S 63,2,1) (S 59,29,28) (D 0,1,1)