626.00
10
477869056
471371264
0 1 1 26 88.00 7 (D 0,1,1) (S 11,19,19) (S 34,10,11) (S 35,14,21) (S 32,22,23) (S 4,5,5) (D 0,1,1)
0 1 2 26 63.00 6 (D 0,1,1) (S 16,4,19) (S 23,25,26) (S 3,4,4) (D 0,1,1)
0 1 3 21 55.00 6 (D 0,1,1) (S 29,7,11) (S 10,18,18) (S 31,1,15) (S 12,21,21) (D 0,1,1)
0 1 4 12 53.00 6 (D 0,1,1) (S 20,6,8) (S 22,21,25) (S 38,6,7) (S 27,3,6) (D 0,1,1)
0 1 5 9 24.00 8 (D 0,1,1) (S 37,15,20) (S 24,3,4) (S 21,12,13) (S 9,16,16) (D 0,1,1)
0 1 6 26 63.00 5 (D 0,1,1) (S 36,5,6) (S 25,1,17) (S 26,18,21) (D 0,1,1)
0 1 7 26 93.00 5 (D 0,1,1) (S 30,23,26) (S 15,15,17) (S 5,6,6) (D 0,1,1)
0 1 8 20 61.00 5 (D 0,1,1) (S 18,21,23) (S 28,22,25) (S 14,24,24) (D 0,1,1)
0 1 9 21 53.00 6 (D 0,1,1) (S 33,20,21) (S 40,1,27) (S 13,23,23) (D 0,1,1)
0 1 10 14 51.00 6 (D 0,1,1) (S 8,14,14) (S 39,13,14) (S 17,12,19) (D 0,1,1)