375.00
7
221804800
167206323
0 1 1 18 57.00 9 (D 0,1,1) (S 16,22,22) (S 25,1,2) (S 3,5,5) (S 29,11,12) (S 28,13,12) (S 23,15,21) (D 0,1,1)
0 1 2 15 56.00 7 (D 0,1,1) (S 21,21,24) (S 8,12,12) (S 36,13,14) (S 32,6,12) (S 22,10,20) (D 0,1,1)
0 1 3 20 45.00 8 (D 0,1,1) (S 15,21,21) (S 18,11,15) (S 9,13,13) (S 33,5,6) (S 38,23,20) (D 0,1,1)
0 1 4 15 45.00 5 (D 0,1,1) (S 2,4,4) (S 20,10,11) (S 14,20,20) (D 0,1,1)
0 1 5 18 53.00 7 (D 0,1,1) (S 4,6,6) (S 17,1,3) (S 26,12,6) (S 30,17,18) (S 35,22,19) (D 0,1,1)
0 1 6 13 47.00 7 (D 0,1,1) (S 37,2,4) (S 34,8,7) (S 10,15,15) (S 5,7,7) (S 11,16,16) (D 0,1,1)
0 1 7 17 68.00 7 (D 0,1,1) (S 12,18,18) (S 13,19,19) (S 1,3,3) (S 31,23,24) (S 19,5,11) (D 0,1,1)