647.00
10
285749273
200494156
0 1 1 24 85.00 9 (D 0,1,1) (S 37,8,9) (S 33,4,5) (S 25,21,22) (S 41,18,25) (S 40,12,19) (D 0,1,1)
0 1 2 21 48.00 5 (D 0,1,1) (S 28,5,6) (S 18,21,25) (S 10,1,3) (D 0,1,1)
0 1 3 27 61.00 7 (D 0,1,1) (S 30,1,15) (S 8,23,23) (S 47,13,15) (S 45,6,8) (D 0,1,1)
0 1 4 23 52.00 6 (D 0,1,1) (S 22,4,6) (S 39,6,9) (S 21,5,9) (S 43,12,13) (D 0,1,1)
0 1 5 22 82.00 6 (D 0,1,1) (S 13,14,20) (S 20,4,12) (S 34,18,21) (S 16,21,23) (D 0,1,1)
0 1 6 27 76.00 8 (D 0,1,1) (S 44,14,18) (S 32,20,21) (S 29,4,19) (S 3,6,6) (D 0,1,1)
0 1 7 21 53.00 7 (D 0,1,1) (S 7,16,16) (S 19,1,19) (S 24,7,11) (S 15,15,20) (S 17,3,4) (D 0,1,1)
0 1 8 16 42.00 8 (D 0,1,1) (S 38,22,25) (S 31,1,24) (S 36,3,6) (S 12,3,8) (D 0,1,1)
0 1 9 21 58.00 7 (D 0,1,1) (S 14,13,14) (S 5,10,10) (S 35,22,23) (S 23,24,27) (D 0,1,1)
0 1 10 17 66.00 7 (D 0,1,1) (S 2,4,4) (S 1,2,2) (S 26,1,27) (S 27,15,17) (D 0,1,1)