1865.00
9
50009087
47859954
0 1 1 46 204.00 15 (D 0,1,1) (S 42,3,7) (S 34,29,30) (S 43,12,6) (S 75,12,11) (S 77,3,37) (S 79,37,38) (S 52,21,20) (S 21,35,35) (S 23,39,39) (S 17,27,27) (D 0,1,1)
0 1 2 53 170.00 11 (D 0,1,1) (S 37,29,36) (S 29,18,22) (S 72,13,18) (S 64,39,38) (S 53,31,37) (S 70,5,39) (S 51,6,7) (S 5,7,7) (S 13,18,18) (D 0,1,1)
0 1 3 64 273.00 14 (D 0,1,1) (S 41,35,36) (S 38,24,25) (S 48,27,28) (S 62,32,31) (S 80,9,8) (S 47,37,30) (S 54,7,6) (S 18,31,31) (S 20,34,34) (D 0,1,1)
0 1 4 60 179.00 14 (D 0,1,1) (S 35,11,16) (S 36,1,35) (S 58,38,37) (S 55,2,6) (S 65,16,10) (S 76,26,33) (S 71,31,30) (S 10,13,13) (D 0,1,1)
0 1 5 59 207.00 14 (D 0,1,1) (S 30,8,14) (S 39,1,6) (S 45,30,31) (S 57,35,28) (S 59,3,4) (S 74,24,21) (S 6,8,8) (S 9,12,12) (D 0,1,1)
0 1 6 65 205.00 12 (D 0,1,1) (S 32,14,15) (S 33,18,19) (S 69,28,27) (S 61,36,37) (S 56,37,3) (S 73,37,36) (S 14,20,20) (S 8,11,11) (D 0,1,1)
0 1 7 55 198.00 18 (D 0,1,1) (S 28,12,17) (S 40,33,34) (S 50,9,10) (S 44,8,40) (S 63,15,16) (S 82,21,22) (S 7,10,10) (S 1,2,2) (S 11,16,16) (D 0,1,1)
0 1 8 56 227.00 16 (D 0,1,1) (S 25,22,25) (S 31,2,36) (S 68,15,9) (S 46,18,13) (S 49,28,35) (S 78,1,40) (S 12,17,17) (S 15,23,23) (S 22,38,38) (D 0,1,1)
0 1 9 56 202.00 13 (D 0,1,1) (S 27,32,39) (S 26,20,23) (S 81,22,21) (S 60,1,11) (S 67,21,24) (S 66,2,3) (S 2,4,4) (S 3,5,5) (S 4,6,6) (D 0,1,1)