745.00
10
293477273
260529382
0 1 1 22 43.00 5 (D 0,1,1) (S 33,22,23) (S 15,1,19) (S 21,23,24) (D 0,1,1)
0 1 2 21 66.00 5 (D 0,1,1) (S 16,20,21) (S 27,3,4) (S 29,5,6) (D 0,1,1)
0 1 3 23 67.00 4 (D 0,1,1) (S 9,18,18) (S 14,7,11) (D 0,1,1)
0 1 4 11 108.00 8 (D 0,1,1) (S 3,6,6) (S 5,13,13) (S 13,25,25) (S 25,26,27) (D 0,1,1)
0 1 5 13 70.00 7 (D 0,1,1) (S 28,1,27) (S 18,14,16) (S 4,12,12) (S 2,4,4) (D 0,1,1)
0 1 6 22 59.00 7 (D 0,1,1) (S 38,10,11) (S 22,1,17) (S 10,21,21) (S 26,8,9) (D 0,1,1)
0 1 7 21 54.00 6 (D 0,1,1) (S 7,15,15) (S 31,1,3) (S 8,16,16) (D 0,1,1)
0 1 8 18 97.00 9 (D 0,1,1) (S 1,2,2) (S 20,3,6) (S 23,15,20) (S 35,21,22) (D 0,1,1)
0 1 9 16 88.00 9 (D 0,1,1) (S 30,5,9) (S 11,23,23) (S 39,22,25) (S 32,13,15) (D 0,1,1)
0 1 10 25 57.00 6 (D 0,1,1) (S 19,6,10) (S 24,6,9) (S 17,3,8) (D 0,1,1)