377.00
7
344732236
224865536
0 1 1 18 50.00 8 (D 0,1,1) (S 13,16,16) (S 16,11,15) (S 35,16,15) (S 11,13,13) (S 27,2,4) (S 39,4,5) (D 0,1,1)
0 1 2 18 68.00 7 (D 0,1,1) (S 14,3,4) (S 1,2,2) (S 10,12,12) (S 40,8,7) (S 3,4,4) (D 0,1,1)
0 1 3 18 58.00 8 (D 0,1,1) (S 15,9,19) (S 23,5,10) (S 38,16,12) (S 17,15,21) (S 34,18,17) (S 30,21,20) (D 0,1,1)
0 1 4 17 67.00 8 (D 0,1,1) (S 20,10,11) (S 28,5,6) (S 5,6,6) (S 6,7,7) (S 32,19,20) (S 9,11,11) (D 0,1,1)
0 1 5 18 48.00 6 (D 0,1,1) (S 36,23,24) (S 4,5,5) (S 24,13,17) (S 19,22,23) (D 0,1,1)
0 1 6 20 45.00 6 (D 0,1,1) (S 7,8,8) (S 37,23,20) (S 18,6,7) (S 12,14,14) (D 0,1,1)
0 1 7 11 40.00 7 (D 0,1,1) (S 21,21,24) (S 31,17,18) (S 29,13,14) (S 33,20,23) (S 25,15,16) (D 0,1,1)