385.00
7
46955832
46314576
0 1 1 20 45.00 6 (D 0,1,1) (S 18,5,10) (S 17,9,19) (S 36,22,19) (S 3,4,4) (D 0,1,1)
0 1 2 19 70.00 6 (D 0,1,1) (S 23,8,14) (S 16,22,23) (S 30,12,11) (S 12,16,16) (D 0,1,1)
0 1 3 13 44.00 8 (D 0,1,1) (S 22,1,2) (S 33,12,6) (S 31,8,7) (S 6,9,9) (S 1,2,2) (D 0,1,1)
0 1 4 19 57.00 7 (D 0,1,1) (S 21,6,7) (S 32,18,17) (S 34,11,12) (S 8,11,11) (S 15,23,23) (D 0,1,1)
0 1 5 19 60.00 7 (D 0,1,1) (S 20,14,18) (S 35,16,12) (S 28,13,14) (S 11,15,15) (S 2,3,3) (D 0,1,1)
0 1 6 14 62.00 7 (D 0,1,1) (S 24,10,20) (S 26,4,2) (S 27,20,23) (S 7,10,10) (S 13,17,17) (D 0,1,1)
0 1 7 14 47.00 7 (D 0,1,1) (S 19,3,4) (S 25,6,12) (S 29,19,20) (S 10,13,13) (S 9,12,12) (D 0,1,1)