289394.00
151
994594058304
994584046209
0 1 1 125 2373.00 4 (D 0,350,350) (S 566,41,136) (S 136,136,136) (D 0,350,350)
0 1 2 122 2438.00 7 (D 0,350,350) (S 424,417,443) (S 401,417,418) (S 79,79,79) (S 77,77,77) (S 78,78,78) (D 0,350,350)
0 1 3 87 2298.00 5 (D 0,350,350) (S 759,160,267) (S 193,193,193) (S 194,194,194) (D 0,350,350)
0 1 4 200 2618.00 8 (D 0,350,350) (S 636,524,667) (S 637,416,667) (S 635,524,666) (S 701,411,731) (S 162,162,162) (S 160,160,160) (D 0,350,350)
0 1 5 224 2880.00 9 (D 0,350,350) (S 425,443,444) (S 552,128,594) (S 551,46,446) (S 128,128,128) (S 46,46,46) (S 191,191,191) (S 59,59,59) (D 0,350,350)
0 1 6 340 3299.00 9 (D 0,350,350) (S 453,79,474) (S 402,418,419) (S 404,44,421) (S 550,421,446) (S 426,445,446) (S 237,237,237) (S 238,238,238) (D 0,350,350)
0 1 7 71 2213.00 4 (D 0,350,350) (S 754,790,791) (S 195,195,195) (D 0,350,350)
0 1 8 42 2025.00 4 (D 0,350,350) (S 740,775,776) (S 220,220,220) (D 0,350,350)
0 1 9 235 2696.00 8 (D 0,350,350) (S 709,129,740) (S 540,585,586) (S 493,526,527) (S 760,796,797) (S 236,236,236) (S 239,239,239) (D 0,350,350)
0 1 10 92 2026.00 6 (D 0,350,350) (S 720,748,749) (S 259,259,259) (S 85,85,85) (S 84,84,84) (D 0,350,350)
0 1 11 189 2595.00 7 (D 0,350,350) (S 432,64,65) (S 466,481,489) (S 123,123,123) (S 28,28,28) (S 27,27,27) (D 0,350,350)
0 1 12 115 2074.00 6 (D 0,350,350) (S 457,479,480) (S 764,90,799) (S 90,90,90) (S 2,2,2) (D 0,350,350)
0 1 13 364 3207.00 7 (D 0,350,350) (S 568,609,610) (S 405,46,421) (S 268,268,268) (S 44,44,44) (S 45,45,45) (D 0,350,350)
0 1 14 494 3202.00 10 (D 0,350,350) (S 728,760,761) (S 730,261,763) (S 729,762,763) (S 261,261,261) (S 267,267,267) (S 192,192,192) (S 330,330,330) (S 101,101,101) (D 0,350,350)
0 1 15 73 2617.00 8 (D 0,350,350) (S 798,452,729) (S 569,611,612) (S 245,245,245) (S 244,244,244) (S 209,209,209) (S 207,207,207) (D 0,350,350)
0 1 16 277 2598.00 6 (D 0,350,350) (S 433,454,455) (S 763,455,798) (S 725,755,756) (S 739,220,774) (D 0,350,350)
0 1 17 182 2031.00 6 (D 0,350,350) (S 711,249,742) (S 249,249,249) (S 250,250,250) (S 331,331,331) (D 0,350,350)
0 1 18 165 2077.00 8 (D 0,350,350) (S 435,66,458) (S 436,458,459) (S 438,321,460) (S 437,67,68) (S 67,67,67) (S 225,225,225) (D 0,350,350)
0 1 19 218 2235.00 11 (D 0,350,350) (S 761,277,785) (S 698,726,727) (S 472,496,497) (S 68,68,68) (S 321,321,321) (S 66,66,66) (S 198,198,198) (S 339,339,339) (S 277,277,277) (D 0,350,350)
0 1 20 272 2158.00 5 (D 0,350,350) (S 752,786,787) (S 449,72,473) (S 71,71,71) (D 0,350,350)
0 1 21 618 3382.00 7 (D 0,350,350) (S 762,455,456) (S 722,751,752) (S 723,752,753) (S 721,749,750) (S 726,757,758) (D 0,350,350)
0 1 22 158 2766.00 9 (D 0,350,350) (S 715,253,745) (S 750,784,785) (S 638,668,669) (S 756,266,793) (S 397,411,412) (S 40,40,40) (S 161,161,161) (D 0,350,350)
0 1 23 123 1618.00 6 (D 0,350,350) (S 797,187,823) (S 273,273,273) (S 232,232,232) (S 218,218,218) (D 0,350,350)
0 1 24 82 1703.00 6 (D 0,350,350) (S 585,625,626) (S 602,641,642) (S 454,81,475) (S 81,81,81) (D 0,350,350)
0 1 25 189 1424.00 6 (D 0,350,350) (S 417,55,436) (S 418,56,437) (S 56,56,56) (S 55,55,55) (D 0,350,350)
0 1 26 175 1726.00 6 (D 0,350,350) (S 735,769,770) (S 689,716,717) (S 690,716,718) (S 335,335,335) (D 0,350,350)
0 1 27 242 3103.00 9 (D 0,350,350) (S 796,770,822) (S 801,102,825) (S 706,736,737) (S 203,203,203) (S 177,177,177) (S 176,176,176) (S 202,202,202) (D 0,350,350)
0 1 28 97 1387.00 5 (D 0,350,350) (S 743,778,779) (S 115,115,115) (S 230,230,230) (D 0,350,350)
0 1 29 190 1525.00 8 (D 0,350,350) (S 718,254,703) (S 677,255,704) (S 479,506,507) (S 70,70,70) (S 254,254,254) (S 314,314,314) (D 0,350,350)
0 1 30 151 1377.00 7 (D 0,350,350) (S 719,255,317) (S 317,317,317) (S 255,255,255) (S 93,93,93) (S 231,231,231) (D 0,350,350)
0 1 31 53 1056.00 5 (D 0,350,350) (S 421,294,439) (S 58,58,58) (S 57,57,57) (D 0,350,350)
0 1 32 461 2265.00 7 (D 0,350,350) (S 395,37,409) (S 464,89,409) (S 465,297,488) (S 89,89,89) (S 297,297,297) (D 0,350,350)
0 1 33 98 1523.00 7 (D 0,350,350) (S 455,81,476) (S 749,147,573) (S 147,147,147) (S 96,96,96) (S 132,132,132) (D 0,350,350)
0 1 34 419 2615.00 9 (D 0,350,350) (S 576,141,618) (S 773,803,804) (S 832,853,854) (S 833,286,855) (S 286,286,286) (S 285,285,285) (S 329,329,329) (D 0,350,350)
0 1 35 431 2392.00 6 (D 0,350,350) (S 731,500,764) (S 733,766,767) (S 474,500,501) (S 327,327,327) (D 0,350,350)
0 1 36 153 1203.00 8 (D 0,350,350) (S 461,57,296) (S 505,43,543) (S 43,43,43) (S 296,296,296) (S 347,347,347) (S 346,346,346) (D 0,350,350)
0 1 37 179 2584.00 7 (D 0,350,350) (S 580,143,622) (S 800,102,824) (S 212,212,212) (S 211,211,211) (S 210,210,210) (D 0,350,350)
0 1 38 54 982.00 5 (D 0,350,350) (S 639,314,551) (S 166,166,166) (S 92,92,92) (D 0,350,350)
0 1 39 680 3419.00 13 (D 0,350,350) (S 595,147,634) (S 702,732,733) (S 600,77,639) (S 765,59,639) (S 570,79,613) (S 295,295,295) (S 304,304,304) (S 63,63,63) (S 65,65,65) (S 224,224,224) (S 64,64,64) (D 0,350,350)
0 1 40 201 2288.00 9 (D 0,350,350) (S 526,117,566) (S 431,452,453) (S 223,223,223) (S 62,62,62) (S 102,102,102) (S 219,219,219) (S 316,316,316) (D 0,350,350)
0 1 41 289 2594.00 5 (D 0,350,350) (S 476,425,503) (S 382,26,27) (S 542,123,489) (D 0,350,350)
0 1 42 293 1560.00 6 (D 0,350,350) (S 581,542,593) (S 460,57,484) (S 618,484,652) (S 293,293,293) (D 0,350,350)
0 1 43 175 1732.00 8 (D 0,350,350) (S 774,805,806) (S 665,49,511) (S 482,511,512) (S 233,233,233) (S 99,99,99) (S 49,49,49) (D 0,350,350)
0 1 44 218 2304.00 10 (D 0,350,350) (S 751,165,786) (S 753,788,789) (S 196,196,196) (S 197,197,197) (S 253,253,253) (S 226,226,226) (S 97,97,97) (S 336,336,336) (D 0,350,350)
0 1 45 489 2236.00 7 (D 0,350,350) (S 498,308,535) (S 634,664,665) (S 269,269,269) (S 159,159,159) (S 309,309,309) (D 0,350,350)
0 1 46 134 1107.00 8 (D 0,350,350) (S 777,340,469) (S 446,469,470) (S 629,522,660) (S 299,299,299) (S 119,119,119) (S 340,340,340) (D 0,350,350)
0 1 47 77 917.00 5 (D 0,350,350) (S 651,170,677) (S 170,170,170) (S 182,182,182) (D 0,350,350)
0 1 48 563 2908.00 8 (D 0,350,350) (S 481,510,511) (S 514,553,554) (S 604,643,644) (S 480,508,509) (S 603,307,564) (S 473,498,499) (D 0,350,350)
0 1 49 295 1339.00 8 (D 0,350,350) (S 367,376,377) (S 535,379,580) (S 537,580,582) (S 368,377,378) (S 222,222,222) (S 153,153,153) (D 0,350,350)
0 1 50 110 899.00 8 (D 0,350,350) (S 557,372,600) (S 680,600,707) (S 679,107,600) (S 107,107,107) (S 315,315,315) (S 33,33,33) (D 0,350,350)
0 1 51 172 1422.00 7 (D 0,350,350) (S 563,135,605) (S 714,252,744) (S 251,251,251) (S 252,252,252) (S 144,144,144) (D 0,350,350)
0 1 52 284 1598.00 8 (D 0,350,350) (S 355,357,358) (S 770,1,348) (S 348,348,349) (S 1,1,1) (S 141,141,141) (S 42,42,42) (D 0,350,350)
0 1 53 208 1226.00 6 (D 0,350,350) (S 614,153,651) (S 536,121,581) (S 121,121,121) (S 120,120,120) (D 0,350,350)
0 1 54 193 1479.00 8 (D 0,350,350) (S 354,200,357) (S 356,358,359) (S 713,359,618) (S 140,140,140) (S 100,100,100) (S 74,74,74) (D 0,350,350)
0 1 55 533 2069.00 8 (D 0,350,350) (S 478,24,505) (S 684,710,711) (S 697,724,725) (S 246,246,246) (S 247,247,247) (S 114,114,114) (D 0,350,350)
0 1 56 160 1743.00 9 (D 0,350,350) (S 791,690,817) (S 691,260,719) (S 692,717,719) (S 724,719,754) (S 260,260,260) (S 188,188,188) (S 187,187,187) (D 0,350,350)
0 1 57 316 2446.00 10 (D 0,350,350) (S 475,501,502) (S 695,722,723) (S 696,364,722) (S 326,326,326) (S 37,37,37) (S 36,36,36) (S 111,111,111) (S 73,73,73) (D 0,350,350)
0 1 58 153 1219.00 5 (D 0,350,350) (S 456,477,478) (S 779,172,808) (S 768,200,661) (D 0,350,350)
0 1 59 202 1290.00 7 (D 0,350,350) (S 415,53,434) (S 491,434,470) (S 5,5,5) (S 199,199,199) (S 83,83,83) (D 0,350,350)
0 1 60 374 2103.00 13 (D 0,350,350) (S 452,76,413) (S 518,76,83) (S 769,661,801) (S 771,201,645) (S 378,22,388) (S 22,22,22) (S 103,103,103) (S 308,308,308) (S 300,300,300) (S 201,201,201) (S 200,200,200) (D 0,350,350)
0 1 61 258 1780.00 9 (D 0,350,350) (S 353,5,356) (S 631,349,663) (S 468,431,437) (S 413,50,431) (S 50,50,50) (S 91,91,91) (S 106,106,106) (D 0,350,350)
0 1 62 175 2370.00 9 (D 0,350,350) (S 533,577,578) (S 447,11,471) (S 747,781,782) (S 408,425,426) (S 543,26,123) (S 26,26,26) (S 165,165,165) (D 0,350,350)
0 1 63 380 2086.00 6 (D 0,350,350) (S 812,471,549) (S 746,485,781) (S 462,485,486) (S 361,366,367) (D 0,350,350)
0 1 64 830 2814.00 7 (D 0,350,350) (S 396,174,410) (S 809,122,830) (S 554,132,596) (S 811,659,832) (S 556,598,599) (D 0,350,350)
0 1 65 664 3215.00 9 (D 0,350,350) (S 676,504,703) (S 477,24,504) (S 379,389,390) (S 727,757,759) (S 757,574,794) (S 758,574,795) (S 337,337,337) (D 0,350,350)
0 1 66 371 3288.00 10 (D 0,350,350) (S 737,771,772) (S 605,22,645) (S 527,118,567) (S 529,568,570) (S 528,568,569) (S 270,270,270) (S 118,118,118) (S 303,303,303) (D 0,350,350)
0 1 67 728 2591.00 9 (D 0,350,350) (S 616,376,623) (S 549,43,593) (S 583,438,623) (S 420,438,439) (S 422,57,440) (S 617,484,623) (S 694,720,721) (D 0,350,350)
0 1 68 475 1889.00 9 (D 0,350,350) (S 615,376,651) (S 370,380,381) (S 369,378,379) (S 641,167,670) (S 642,167,671) (S 167,167,167) (S 287,287,287) (D 0,350,350)
0 1 69 304 1531.00 6 (D 0,350,350) (S 351,354,355) (S 423,441,442) (S 469,491,492) (S 490,435,470) (D 0,350,350)
0 1 70 46 553.00 4 (D 0,350,350) (S 648,169,483) (S 169,169,169) (D 0,350,350)
0 1 71 160 1001.00 6 (D 0,350,350) (S 619,648,653) (S 610,151,648) (S 611,151,649) (S 152,152,152) (D 0,350,350)
0 1 72 175 845.00 7 (D 0,350,350) (S 375,16,387) (S 441,69,462) (S 69,69,69) (S 105,105,105) (S 301,301,301) (D 0,350,350)
0 1 73 146 915.00 9 (D 0,350,350) (S 532,575,576) (S 686,10,713) (S 10,10,10) (S 11,11,11) (S 185,185,185) (S 31,31,31) (S 86,86,86) (D 0,350,350)
0 1 74 79 768.00 8 (D 0,350,350) (S 647,483,676) (S 428,448,449) (S 488,449,521) (S 430,60,451) (S 61,61,61) (S 264,264,264) (D 0,350,350)
0 1 75 95 746.00 6 (D 0,350,350) (S 781,74,809) (S 451,73,400) (S 127,127,127) (S 126,126,126) (D 0,350,350)
0 1 76 100 1170.00 8 (D 0,350,350) (S 584,623,624) (S 504,542,543) (S 582,346,347) (S 135,135,135) (S 148,148,148) (S 133,133,133) (D 0,350,350)
0 1 77 408 2702.00 10 (D 0,350,350) (S 824,697,842) (S 448,11,472) (S 745,132,780) (S 458,481,482) (S 320,320,320) (S 189,189,189) (S 129,129,129) (S 95,95,95) (D 0,350,350)
0 1 78 299 1182.00 10 (D 0,350,350) (S 545,124,589) (S 767,199,800) (S 766,111,800) (S 110,110,110) (S 109,109,109) (S 76,76,76) (S 7,7,7) (S 34,34,34) (D 0,350,350)
0 1 79 268 2370.00 9 (D 0,350,350) (S 389,400,401) (S 662,400,689) (S 546,73,590) (S 732,365,765) (S 221,221,221) (S 39,39,39) (S 38,38,38) (D 0,350,350)
0 1 80 50 625.00 8 (D 0,350,350) (S 744,514,559) (S 519,558,559) (S 591,631,632) (S 704,229,632) (S 229,229,229) (S 228,228,228) (D 0,350,350)
0 1 81 929 3234.00 6 (D 0,350,350) (S 499,536,537) (S 630,661,662) (S 772,322,802) (S 671,180,698) (D 0,350,350)
0 1 82 242 1114.00 8 (D 0,350,350) (S 516,556,557) (S 517,76,557) (S 626,124,557) (S 75,75,75) (S 124,124,124) (S 171,171,171) (D 0,350,350)
0 1 83 81 547.00 5 (D 0,350,350) (S 620,34,654) (S 365,373,374) (S 13,13,13) (D 0,350,350)
0 1 84 117 812.00 6 (D 0,350,350) (S 376,18,386) (S 429,60,450) (S 263,263,263) (S 60,60,60) (D 0,350,350)
0 1 85 213 1285.00 7 (D 0,350,350) (S 789,190,463) (S 442,463,464) (S 158,158,158) (S 310,310,310) (S 328,328,328) (D 0,350,350)
0 1 86 322 2479.00 10 (D 0,350,350) (S 673,313,653) (S 613,152,650) (S 562,8,604) (S 248,248,248) (S 257,257,257) (S 334,334,334) (S 258,258,258) (S 256,256,256) (D 0,350,350)
0 1 87 159 1263.00 10 (D 0,350,350) (S 484,515,516) (S 790,190,234) (S 664,690,691) (S 530,571,572) (S 792,216,571) (S 234,234,234) (S 235,235,235) (S 284,284,284) (D 0,350,350)
0 1 88 262 1278.00 9 (D 0,350,350) (S 561,8,134) (S 359,362,363) (S 8,8,8) (S 134,134,134) (S 150,150,150) (S 149,149,149) (S 332,332,332) (D 0,350,350)
0 1 89 192 925.00 8 (D 0,350,350) (S 734,15,768) (S 439,17,461) (S 440,69,461) (S 17,17,17) (S 16,16,16) (S 15,15,15) (D 0,350,350)
0 1 90 528 2110.00 6 (D 0,350,350) (S 688,683,715) (S 544,588,589) (S 705,409,735) (S 463,37,487) (D 0,350,350)
0 1 91 304 935.00 7 (D 0,350,350) (S 643,672,673) (S 670,673,697) (S 108,108,108) (S 142,142,142) (S 138,138,138) (D 0,350,350)
0 1 92 127 869.00 6 (D 0,350,350) (S 806,18,382) (S 699,214,728) (S 214,214,214) (S 213,213,213) (D 0,350,350)
0 1 93 379 1374.00 6 (D 0,350,350) (S 398,413,414) (S 399,414,415) (S 507,105,545) (S 319,319,319) (D 0,350,350)
0 1 94 185 1331.00 7 (D 0,350,350) (S 560,134,603) (S 564,602,603) (S 608,603,647) (S 612,152,649) (S 151,151,151) (D 0,350,350)
0 1 95 268 1297.00 9 (D 0,350,350) (S 649,104,169) (S 459,88,483) (S 667,676,693) (S 18,18,18) (S 80,80,80) (S 14,14,14) (S 298,298,298) (D 0,350,350)
0 1 96 121 799.00 8 (D 0,350,350) (S 668,138,694) (S 823,343,842) (S 693,108,168) (S 168,168,168) (S 343,343,343) (S 282,282,282) (D 0,350,350)
0 1 97 887 2838.00 8 (D 0,350,350) (S 710,598,741) (S 362,367,368) (S 377,19,367) (S 20,20,20) (S 19,19,19) (S 276,276,276) (D 0,350,350)
0 1 98 324 1282.00 7 (D 0,350,350) (S 506,80,544) (S 374,14,386) (S 646,385,675) (S 486,298,519) (S 487,449,520) (D 0,350,350)
0 1 99 159 939.00 6 (D 0,350,350) (S 653,679,680) (S 508,105,546) (S 509,546,547) (S 510,547,548) (D 0,350,350)
0 1 100 215 788.00 6 (D 0,350,350) (S 483,513,514) (S 578,142,619) (S 280,280,280) (S 344,344,344) (D 0,350,350)
0 1 101 67 815.00 5 (D 0,350,350) (S 803,562,826) (S 681,183,708) (S 183,183,183) (D 0,350,350)
0 1 102 188 945.00 8 (D 0,350,350) (S 371,382,383) (S 666,676,692) (S 805,382,828) (S 678,705,706) (S 87,87,87) (S 313,313,313) (D 0,350,350)
0 1 103 284 1532.00 10 (D 0,350,350) (S 785,375,812) (S 804,656,827) (S 496,531,532) (S 650,104,677) (S 674,182,700) (S 717,182,747) (S 104,104,104) (S 215,215,215) (D 0,350,350)
0 1 104 219 1007.00 6 (D 0,350,350) (S 787,685,814) (S 373,385,386) (S 807,448,521) (S 808,541,829) (D 0,350,350)
0 1 105 371 1382.00 10 (D 0,350,350) (S 780,74,478) (S 775,498,563) (S 776,563,807) (S 416,53,435) (S 53,53,53) (S 4,4,4) (S 172,172,172) (S 145,145,145) (D 0,350,350)
0 1 106 376 1120.00 7 (D 0,350,350) (S 738,290,773) (S 363,369,370) (S 325,325,325) (S 290,290,290) (S 291,291,291) (D 0,350,350)
0 1 107 177 676.00 9 (D 0,350,350) (S 623,116,131) (S 586,130,627) (S 588,145,628) (S 548,125,126) (S 654,126,681) (S 125,125,125) (S 130,130,130) (D 0,350,350)
0 1 108 31 462.00 5 (D 0,350,350) (S 597,635,636) (S 372,383,384) (S 333,333,333) (D 0,350,350)
0 1 109 297 1437.00 6 (D 0,350,350) (S 366,374,375) (S 652,678,679) (S 625,157,657) (S 609,603,648) (D 0,350,350)
0 1 110 953 3788.00 5 (D 0,350,350) (S 627,597,658) (S 492,524,525) (S 567,41,608) (D 0,350,350)
0 1 111 285 942.00 7 (D 0,350,350) (S 784,683,811) (S 783,423,811) (S 782,423,810) (S 407,423,424) (S 786,812,813) (D 0,350,350)
0 1 112 468 1906.00 9 (D 0,350,350) (S 788,815,816) (S 656,683,684) (S 489,522,523) (S 524,563,564) (S 621,7,34) (S 390,34,402) (S 645,674,675) (D 0,350,350)
0 1 113 179 581.00 8 (D 0,350,350) (S 819,184,529) (S 683,146,184) (S 146,146,146) (S 21,21,21) (S 47,47,47) (S 35,35,35) (D 0,350,350)
0 1 114 219 1441.00 7 (D 0,350,350) (S 522,116,561) (S 574,616,617) (S 467,54,490) (S 54,54,54) (S 82,82,82) (D 0,350,350)
0 1 115 262 987.00 8 (D 0,350,350) (S 814,279,833) (S 826,278,843) (S 278,278,278) (S 25,25,25) (S 281,281,281) (S 112,112,112) (D 0,350,350)
0 1 116 125 271.00 6 (D 0,350,350) (S 358,3,361) (S 521,361,560) (S 306,306,306) (S 3,3,3) (D 0,350,350)
0 1 117 253 1088.00 10 (D 0,350,350) (S 624,87,656) (S 607,149,150) (S 606,601,646) (S 559,133,602) (S 558,133,601) (S 157,157,157) (S 156,156,156) (S 274,274,274) (D 0,350,350)
0 1 118 1002 3603.00 11 (D 0,350,350) (S 547,591,592) (S 660,687,688) (S 799,223,824) (S 208,208,208) (S 243,243,243) (S 242,242,242) (S 206,206,206) (S 217,217,217) (S 324,324,324) (D 0,350,350)
0 1 119 462 1175.00 8 (D 0,350,350) (S 655,424,682) (S 622,7,655) (S 657,655,684) (S 271,271,271) (S 6,6,6) (S 341,341,341) (D 0,350,350)
0 1 120 134 521.00 6 (D 0,350,350) (S 830,620,850) (S 661,173,558) (S 139,139,139) (S 173,173,173) (D 0,350,350)
0 1 121 74 812.00 7 (D 0,350,350) (S 703,369,734) (S 387,33,398) (S 12,12,12) (S 288,288,288) (D 0,350,350)
0 1 122 160 472.00 6 (D 0,350,350) (S 571,614,615) (S 802,394,636) (S 357,6,360) (S 594,352,633) (D 0,350,350)
0 1 123 123 944.00 8 (D 0,350,350) (S 520,112,404) (S 685,712,713) (S 512,289,550) (S 511,289,549) (S 289,289,289) (S 318,318,318) (D 0,350,350)
0 1 124 458 1501.00 7 (D 0,350,350) (S 470,94,493) (S 471,494,495) (S 122,122,122) (S 279,279,279) (S 184,184,184) (D 0,350,350)
0 1 125 119 1267.00 9 (D 0,350,350) (S 599,351,638) (S 822,86,841) (S 485,517,518) (S 810,174,831) (S 174,174,174) (S 94,94,94) (S 342,342,342) (D 0,350,350)
0 1 126 1246 3105.00 6 (D 0,350,350) (S 831,851,852) (S 633,159,309) (S 716,180,746) (S 322,322,322) (D 0,350,350)
0 1 127 99 1232.00 5 (D 0,350,350) (S 350,352,353) (S 575,439,543) (S 294,294,294) (D 0,350,350)
0 1 128 724 1433.00 8 (D 0,350,350) (S 816,835,836) (S 682,184,709) (S 495,529,530) (S 669,695,696) (S 821,173,840) (S 818,837,838) (D 0,350,350)
0 1 129 390 1425.00 8 (D 0,350,350) (S 577,340,468) (S 778,4,469) (S 445,468,469) (S 352,4,5) (S 659,172,686) (S 593,560,562) (D 0,350,350)
0 1 130 368 1749.00 12 (D 0,350,350) (S 553,131,595) (S 794,818,819) (S 795,820,821) (S 117,117,117) (S 143,143,143) (S 262,262,262) (S 272,272,272) (S 9,9,9) (S 175,175,175) (S 190,190,190) (D 0,350,350)
0 1 131 566 2531.00 8 (D 0,350,350) (S 817,836,837) (S 434,456,457) (S 565,606,607) (S 450,72,454) (S 72,72,72) (S 311,311,311) (D 0,350,350)
0 1 132 587 3003.00 10 (D 0,350,350) (S 394,407,408) (S 589,145,408) (S 383,29,392) (S 384,393,394) (S 700,729,730) (S 323,323,323) (S 181,181,181) (S 204,204,204) (D 0,350,350)
0 1 133 510 1845.00 8 (D 0,350,350) (S 815,142,834) (S 444,344,467) (S 793,9,216) (S 216,216,216) (S 283,283,283) (S 345,345,345) (D 0,350,350)
0 1 134 464 1656.00 9 (D 0,350,350) (S 392,404,405) (S 513,551,552) (S 640,166,551) (S 380,23,390) (S 663,390,504) (S 24,24,24) (S 23,23,23) (D 0,350,350)
0 1 135 751 3418.00 11 (D 0,350,350) (S 391,403,404) (S 825,577,697) (S 386,31,397) (S 601,640,641) (S 541,489,587) (S 755,792,793) (S 266,266,266) (S 275,275,275) (S 265,265,265) (D 0,350,350)
0 1 136 770 2132.00 6 (D 0,350,350) (S 406,47,422) (S 675,701,702) (S 644,578,673) (S 515,108,555) (D 0,350,350)
0 1 137 479 3051.00 8 (D 0,350,350) (S 658,675,685) (S 538,583,584) (S 178,178,178) (S 205,205,205) (S 241,241,241) (S 179,179,179) (D 0,350,350)
0 1 138 1634 4577.00 10 (D 0,350,350) (S 628,597,659) (S 400,416,417) (S 403,419,420) (S 712,609,743) (S 137,137,137) (S 41,41,41) (S 164,164,164) (S 163,163,163) (D 0,350,350)
0 1 139 604 1094.00 7 (D 0,350,350) (S 573,138,139) (S 349,350,351) (S 572,112,350) (D 0,350,350)
0 1 140 797 1289.00 9 (D 0,350,350) (S 587,616,627) (S 736,627,628) (S 116,116,116) (S 131,131,131) (S 305,305,305) (S 29,29,29) (S 302,302,302) (D 0,350,350)
0 1 141 1628 3103.00 9 (D 0,350,350) (S 829,848,849) (S 820,529,839) (S 494,528,529) (S 590,629,630) (S 412,33,315) (S 592,290,632) (S 292,292,292) (D 0,350,350)
0 1 142 1371 3341.00 10 (D 0,350,350) (S 579,620,621) (S 748,626,783) (S 531,573,574) (S 338,338,338) (S 155,155,155) (S 154,154,154) (S 186,186,186) (S 240,240,240) (D 0,350,350)
0 1 143 1370 3754.00 4 (D 0,350,350) (S 497,533,534) (S 360,364,365) (D 0,350,350)
0 1 144 829 1189.00 5 (D 0,350,350) (S 393,405,406) (S 598,636,637) (S 443,465,466) (D 0,350,350)
0 1 145 1934 3798.00 6 (D 0,350,350) (S 501,538,539) (S 414,432,433) (S 52,52,52) (S 51,51,51) (D 0,350,350)
0 1 146 1172 2505.00 7 (D 0,350,350) (S 827,844,845) (S 388,398,399) (S 385,395,396) (S 30,30,30) (S 32,32,32) (D 0,350,350)
0 1 147 2096 4666.00 9 (D 0,350,350) (S 502,539,540) (S 419,51,437) (S 672,698,699) (S 632,349,490) (S 427,312,447) (S 180,180,180) (S 312,312,312) (D 0,350,350)
0 1 148 1826 3976.00 8 (D 0,350,350) (S 500,535,537) (S 708,429,725) (S 741,710,724) (S 98,98,98) (S 48,48,48) (S 307,307,307) (D 0,350,350)
0 1 149 1246 3535.00 9 (D 0,350,350) (S 555,597,598) (S 596,561,595) (S 523,561,562) (S 503,104,541) (S 227,227,227) (S 88,88,88) (S 113,113,113) (D 0,350,350)
0 1 150 3037 5536.00 10 (D 0,350,350) (S 364,371,372) (S 525,564,565) (S 411,307,430) (S 409,48,427) (S 410,428,429) (S 742,247,777) (S 539,114,122) (S 707,738,739) (D 0,350,350)
0 1 151 2049 3647.00 7 (D 0,350,350) (S 813,575,833) (S 687,397,714) (S 381,25,391) (S 534,391,579) (S 828,846,847) (D 0,350,350)