800.00
8
285578496
210984883
0 1 1 34 133.00 12 (D 0,1,1) (S 44,15,21) (S 38,24,21) (S 24,3,9) (S 39,16,17) (S 22,12,16) (S 25,22,23) (D 0,1,1)
0 1 2 40 112.00 8 (D 0,1,1) (S 11,17,17) (S 28,11,1) (S 21,21,23) (S 31,20,21) (S 30,6,7) (D 0,1,1)
0 1 3 42 117.00 8 (D 0,1,1) (S 18,2,5) (S 33,21,24) (S 5,7,7) (S 2,4,4) (D 0,1,1)
0 1 4 31 120.00 9 (D 0,1,1) (S 43,12,17) (S 1,2,2) (S 40,2,4) (S 9,13,13) (S 27,15,20) (S 29,1,9) (D 0,1,1)
0 1 5 36 77.00 7 (D 0,1,1) (S 3,5,5) (S 35,19,9) (S 16,23,23) (S 6,10,10) (S 17,1,5) (D 0,1,1)
0 1 6 24 66.00 7 (D 0,1,1) (S 36,17,16) (S 23,3,10) (S 34,1,19) (S 12,18,18) (D 0,1,1)
0 1 7 45 101.00 4 (D 0,1,1) (S 4,6,6) (S 26,8,14) (D 0,1,1)
0 1 8 37 77.00 10 (D 0,1,1) (S 19,3,4) (S 32,17,12) (S 14,20,20) (S 42,5,4) (S 10,14,14) (D 0,1,1)