566.00
10
331739340
160253542
0 1 1 22 66.00 7 (D 0,1,1) (S 8,20,20) (S 5,8,8) (S 33,13,15) (S 35,8,27) (D 0,1,1)
0 1 2 21 61.00 8 (D 0,1,1) (S 38,18,25) (S 27,21,23) (S 23,25,26) (S 26,4,10) (S 22,3,6) (D 0,1,1)
0 1 3 24 43.00 7 (D 0,1,1) (S 45,5,6) (S 18,21,25) (S 15,2,12) (S 1,2,2) (D 0,1,1)
0 1 4 10 49.00 7 (D 0,1,1) (S 21,12,19) (S 34,13,14) (S 7,16,16) (S 31,6,8) (S 12,8,24) (D 0,1,1)
0 1 5 22 35.00 5 (D 0,1,1) (S 14,23,24) (S 3,6,6) (S 42,3,4) (D 0,1,1)
0 1 6 27 85.00 6 (D 0,1,1) (S 13,26,27) (S 28,15,17) (S 17,1,27) (S 25,6,10) (D 0,1,1)
0 1 7 16 55.00 6 (D 0,1,1) (S 36,6,7) (S 46,24,27) (S 40,4,19) (S 39,10,11) (D 0,1,1)
0 1 8 21 48.00 4 (D 0,1,1) (S 2,4,4) (S 11,24,24) (D 0,1,1)
0 1 9 10 41.00 7 (D 0,1,1) (S 30,5,9) (S 9,21,21) (S 43,15,20) (S 32,14,16) (D 0,1,1)
0 1 10 11 49.00 5 (D 0,1,1) (S 24,12,13) (S 29,1,19) (S 41,23,26) (D 0,1,1)