1174.00
8
1264007091
1131100544
0 1 1 38 140.00 8 (D 0,1,1) (S 22,8,14) (S 17,4,5) (S 28,19,9) (S 48,11,5) (S 1,3,3) (S 38,14,13) (D 0,1,1)
0 1 2 40 130.00 8 (D 0,1,1) (S 6,15,15) (S 18,2,4) (S 7,17,17) (S 12,24,24) (S 15,9,10) (D 0,1,1)
0 1 3 31 180.00 8 (D 0,1,1) (S 44,24,21) (S 30,8,7) (S 2,6,6) (S 41,10,11) (S 46,23,20) (S 26,5,11) (D 0,1,1)
0 1 4 38 124.00 6 (D 0,1,1) (S 33,15,16) (S 14,12,13) (S 21,1,2) (S 9,19,19) (D 0,1,1)
0 1 5 24 131.00 8 (D 0,1,1) (S 45,9,3) (S 43,1,3) (S 36,21,15) (S 20,11,15) (S 39,17,13) (S 10,20,20) (D 0,1,1)
0 1 6 33 174.00 8 (D 0,1,1) (S 27,23,24) (S 42,9,19) (S 8,18,18) (S 24,3,9) (S 11,22,22) (S 29,3,1) (D 0,1,1)
0 1 7 35 135.00 6 (D 0,1,1) (S 25,16,12) (S 4,11,11) (S 19,5,10) (S 37,16,15) (D 0,1,1)
0 1 8 33 166.00 8 (D 0,1,1) (S 31,14,18) (S 23,13,17) (S 40,10,20) (S 3,7,7) (S 5,12,12) (S 35,20,10) (D 0,1,1)