221.00
10
149177548
63653094
0 1 1 27 34.00 7 (D 0,1,1) (S 12,1,4) (S 22,2,4) (S 31,10,11) (S 6,7,7) (D 0,1,1)
0 1 2 20 25.00 6 (D 0,1,1) (S 10,3,5) (S 23,1,5) (S 25,2,8) (D 0,1,1)
0 1 3 12 14.00 5 (D 0,1,1) (S 8,8,9) (S 28,5,11) (S 24,6,9) (D 0,1,1)
0 1 4 21 25.00 6 (D 0,1,1) (S 11,4,7) (S 33,2,11) (S 34,1,2) (D 0,1,1)
0 1 5 15 19.00 6 (D 0,1,1) (S 13,1,7) (S 21,4,9) (S 15,3,10) (D 0,1,1)
0 1 6 8 7.00 6 (D 0,1,1) (S 9,9,11) (S 19,1,9) (S 14,7,10) (D 0,1,1)
0 1 7 18 20.00 5 (D 0,1,1) (S 27,1,11) (S 30,5,10) (S 26,3,9) (D 0,1,1)
0 1 8 26 30.00 5 (D 0,1,1) (S 32,1,6) (S 20,6,8) (S 5,6,6) (D 0,1,1)
0 1 9 26 33.00 7 (D 0,1,1) (S 18,2,6) (S 16,1,10) (S 7,8,8) (D 0,1,1)
0 1 10 11 14.00 5 (D 0,1,1) (S 29,9,10) (S 17,2,5) (D 0,1,1)