963.00
7
32855961
32290104
0 1 1 33 139.00 5 (D 0,1,1) (S 7,4,5) (S 21,6,12) (S 22,6,10) (D 0,1,1)
0 1 2 28 126.00 6 (D 0,1,1) (S 8,2,8) (S 15,2,3) (S 12,4,10) (D 0,1,1)
0 1 3 33 125.00 5 (D 0,1,1) (S 9,2,6) (S 10,5,10) (S 6,12,12) (D 0,1,1)
0 1 4 30 92.00 7 (D 0,1,1) (S 18,1,4) (S 19,1,3) (S 2,7,7) (D 0,1,1)
0 1 5 13 181.00 6 (D 0,1,1) (S 20,8,9) (S 14,3,6) (S 3,9,9) (D 0,1,1)
0 1 6 35 185.00 5 (D 0,1,1) (S 13,4,11) (S 17,8,12) (S 4,10,10) (D 0,1,1)
0 1 7 17 115.00 5 (D 0,1,1) (S 16,1,5) (S 11,11,13) (S 5,11,11) (D 0,1,1)