264.00
8
13878325
12057875
0 1 1 21 39.00 8 (D 0,1,1) (S 12,5,10) (S 34,2,4) (S 23,6,9) (S 24,1,8) (D 0,1,1)
0 1 2 20 36.00 6 (D 0,1,1) (S 13,6,10) (S 20,3,9) (S 19,4,7) (S 22,7,9) (D 0,1,1)
0 1 3 23 37.00 6 (D 0,1,1) (S 10,1,7) (S 30,4,11) (S 26,2,3) (S 21,3,11) (D 0,1,1)
0 1 4 23 37.00 9 (D 0,1,1) (S 15,3,7) (S 32,1,3) (S 28,3,5) (S 18,6,7) (S 8,10,10) (D 0,1,1)
0 1 5 16 33.00 9 (D 0,1,1) (S 14,7,10) (S 35,5,11) (S 27,1,9) (S 6,7,7) (D 0,1,1)
0 1 6 10 25.00 7 (D 0,1,1) (S 11,5,8) (S 33,4,10) (S 36,1,11) (S 2,3,3) (D 0,1,1)
0 1 7 16 29.00 6 (D 0,1,1) (S 9,8,9) (S 16,2,5) (S 31,1,4) (D 0,1,1)
0 1 8 16 28.00 7 (D 0,1,1) (S 25,1,5) (S 29,4,6) (S 17,3,10) (D 0,1,1)