809.00
8
406964812
151777561
0 1 1 26 82.00 9 (D 0,1,1) (S 20,1,5) (S 1,2,2) (S 32,9,19) (S 41,17,16) (S 27,24,21) (S 15,23,23) (D 0,1,1)
0 1 2 30 81.00 10 (D 0,1,1) (S 18,7,13) (S 44,4,5) (S 31,20,15) (S 38,7,6) (S 34,1,9) (S 25,12,16) (D 0,1,1)
0 1 3 44 80.00 7 (D 0,1,1) (S 3,6,6) (S 30,1,19) (S 29,5,4) (D 0,1,1)
0 1 4 39 138.00 10 (D 0,1,1) (S 12,18,18) (S 17,2,5) (S 36,19,22) (S 33,1,11) (S 26,2,10) (S 39,15,20) (D 0,1,1)
0 1 5 43 159.00 9 (D 0,1,1) (S 10,16,16) (S 8,14,14) (S 11,17,17) (S 45,17,18) (S 22,22,23) (S 21,5,11) (D 0,1,1)
0 1 6 43 92.00 7 (D 0,1,1) (S 16,21,23) (S 7,13,13) (S 28,20,21) (S 37,5,6) (D 0,1,1)
0 1 7 40 103.00 8 (D 0,1,1) (S 24,1,20) (S 5,8,8) (S 40,10,2) (S 13,19,19) (S 46,11,1) (D 0,1,1)
0 1 8 44 88.00 8 (D 0,1,1) (S 42,13,17) (S 43,19,9) (S 2,3,3) (S 4,7,7) (S 14,21,21) (D 0,1,1)