269.00
8
39050088
38436921
0 1 1 25 45.00 10 (D 0,1,1) (S 12,1,11) (S 16,9,10) (S 29,6,8) (S 6,7,7) (S 4,5,5) (D 0,1,1)
0 1 2 26 44.00 9 (D 0,1,1) (S 11,6,10) (S 18,5,7) (S 24,5,11) (S 5,6,6) (D 0,1,1)
0 1 3 14 26.00 7 (D 0,1,1) (S 10,1,7) (S 30,5,10) (S 26,1,4) (D 0,1,1)
0 1 4 15 23.00 6 (D 0,1,1) (S 13,3,7) (S 20,2,7) (S 33,3,10) (S 2,3,3) (D 0,1,1)
0 1 5 14 28.00 6 (D 0,1,1) (S 14,4,11) (S 32,7,9) (S 21,5,8) (D 0,1,1)
0 1 6 17 31.00 7 (D 0,1,1) (S 15,3,5) (S 28,7,10) (S 19,3,4) (S 7,8,8) (D 0,1,1)
0 1 7 20 34.00 6 (D 0,1,1) (S 25,3,9) (S 31,3,11) (S 23,2,3) (D 0,1,1)
0 1 8 20 38.00 7 (D 0,1,1) (S 17,6,9) (S 27,4,5) (S 22,8,9) (S 9,10,10) (D 0,1,1)