718.00
10
206836940
175902899
0 1 1 20 81.00 7 (D 0,1,1) (S 19,1,19) (S 21,8,9) (S 15,26,26) (D 0,1,1)
0 1 2 26 88.00 9 (D 0,1,1) (S 4,5,5) (S 20,6,7) (S 23,1,17) (S 26,20,21) (D 0,1,1)
0 1 3 21 93.00 7 (D 0,1,1) (S 36,2,1) (S 12,23,23) (S 37,12,13) (S 29,6,10) (D 0,1,1)
0 1 4 21 56.00 5 (D 0,1,1) (S 34,10,11) (S 24,3,8) (S 7,13,13) (D 0,1,1)
0 1 5 26 55.00 4 (D 0,1,1) (S 18,1,27) (S 3,4,4) (D 0,1,1)
0 1 6 15 86.00 8 (D 0,1,1) (S 28,23,26) (S 13,24,24) (S 25,21,23) (S 30,22,23) (D 0,1,1)
0 1 7 25 104.00 7 (D 0,1,1) (S 33,14,20) (S 5,6,6) (S 6,7,7) (D 0,1,1)
0 1 8 5 11.00 5 (D 0,1,1) (S 32,14,16) (S 14,25,25) (S 31,16,17) (D 0,1,1)
0 1 9 12 55.00 6 (D 0,1,1) (S 10,18,18) (S 16,5,9) (S 27,21,22) (D 0,1,1)
0 1 10 18 49.00 4 (D 0,1,1) (S 17,21,25) (S 8,14,14) (D 0,1,1)