1524.00
9
486602547
318255257
0 1 1 50 218.00 10 (D 0,1,1) (S 63,30,25) (S 64,9,15) (S 54,18,15) (S 12,18,18) (S 4,7,7) (S 40,11,16) (S 56,11,12) (S 15,23,23) (D 0,1,1)
0 1 2 58 180.00 9 (D 0,1,1) (S 31,17,18) (S 22,1,2) (S 41,17,13) (S 17,26,26) (S 42,7,12) (S 59,7,4) (S 62,12,11) (D 0,1,1)
0 1 3 52 151.00 9 (D 0,1,1) (S 47,2,9) (S 3,5,5) (S 52,13,16) (S 60,16,11) (S 16,25,25) (S 6,9,9) (S 27,3,10) (D 0,1,1)
0 1 4 35 131.00 9 (D 0,1,1) (S 38,30,29) (S 1,2,2) (S 48,22,21) (S 55,9,10) (S 20,30,30) (S 61,21,29) (S 33,22,25) (D 0,1,1)
0 1 5 62 161.00 9 (D 0,1,1) (S 46,13,8) (S 44,8,14) (S 43,6,7) (S 11,16,16) (S 29,5,8) (S 34,17,22) (D 0,1,1)
0 1 6 52 134.00 8 (D 0,1,1) (S 37,29,22) (S 50,3,2) (S 24,27,28) (S 10,15,15) (S 58,6,11) (S 21,26,30) (D 0,1,1)
0 1 7 63 150.00 9 (D 0,1,1) (S 23,24,28) (S 19,29,29) (S 28,10,19) (S 49,25,29) (S 39,17,14) (S 7,11,11) (S 32,10,15) (D 0,1,1)
0 1 8 63 155.00 7 (D 0,1,1) (S 57,26,18) (S 14,21,21) (S 9,14,14) (S 36,8,13) (S 8,12,12) (D 0,1,1)
0 1 9 64 226.00 11 (D 0,1,1) (S 65,9,2) (S 2,4,4) (S 51,10,9) (S 35,14,15) (S 45,14,17) (S 26,24,27) (S 30,15,19) (D 0,1,1)