707.00
10
249591014
188912819
0 1 1 23 57.00 6 (D 0,1,1) (S 28,7,11) (S 35,14,18) (S 31,13,15) (D 0,1,1)
0 1 2 26 59.00 8 (D 0,1,1) (S 24,2,12) (S 20,5,6) (S 34,15,17) (S 30,16,17) (D 0,1,1)
0 1 3 12 59.00 7 (D 0,1,1) (S 36,25,26) (S 3,5,5) (S 22,18,25) (S 10,13,14) (D 0,1,1)
0 1 4 23 67.00 8 (D 0,1,1) (S 16,10,11) (S 27,18,21) (S 26,1,19) (S 12,12,13) (D 0,1,1)
0 1 5 24 93.00 8 (D 0,1,1) (S 29,26,27) (S 14,4,10) (S 13,3,8) (S 32,22,25) (D 0,1,1)
0 1 6 20 43.00 5 (D 0,1,1) (S 15,1,15) (S 18,22,23) (S 23,23,24) (D 0,1,1)
0 1 7 21 84.00 8 (D 0,1,1) (S 21,6,8) (S 6,15,15) (S 38,23,26) (S 5,14,14) (D 0,1,1)
0 1 8 25 75.00 5 (D 0,1,1) (S 1,3,3) (S 7,17,17) (S 25,2,1) (D 0,1,1)
0 1 9 27 69.00 6 (D 0,1,1) (S 17,21,25) (S 19,8,9) (S 4,6,6) (D 0,1,1)
0 1 10 16 73.00 6 (D 0,1,1) (S 9,24,24) (S 37,1,27) (S 11,21,22) (D 0,1,1)