431.00
10
31400435
28105865
0 1 1 21 33.00 7 (D 0,1,1) (S 9,1,4) (S 25,1,6) (S 29,4,11) (S 2,3,3) (D 0,1,1)
0 1 2 27 48.00 8 (D 0,1,1) (S 11,6,8) (S 42,2,6) (S 21,3,4) (S 18,7,9) (D 0,1,1)
0 1 3 20 39.00 7 (D 0,1,1) (S 14,4,5) (S 26,2,4) (S 37,3,5) (S 47,4,8) (S 5,7,7) (D 0,1,1)
0 1 4 24 47.00 7 (D 0,1,1) (S 12,6,9) (S 35,1,5) (S 45,2,10) (S 38,3,8) (D 0,1,1)
0 1 5 24 47.00 8 (D 0,1,1) (S 10,1,8) (S 32,5,8) (S 22,3,7) (S 31,2,8) (S 8,10,10) (D 0,1,1)
0 1 6 20 43.00 9 (D 0,1,1) (S 15,1,2) (S 41,1,3) (S 33,6,7) (S 28,2,7) (S 3,4,4) (D 0,1,1)
0 1 7 19 41.00 8 (D 0,1,1) (S 16,6,11) (S 43,5,11) (S 46,4,7) (S 30,3,11) (S 1,2,2) (D 0,1,1)
0 1 8 24 52.00 9 (D 0,1,1) (S 17,5,9) (S 44,6,10) (S 27,4,9) (S 19,8,11) (S 7,9,9) (D 0,1,1)
0 1 9 26 46.00 7 (D 0,1,1) (S 13,2,3) (S 48,4,10) (S 40,1,10) (S 23,3,10) (D 0,1,1)
0 1 10 22 35.00 5 (D 0,1,1) (S 34,1,11) (S 39,2,11) (S 24,2,5) (D 0,1,1)